1,462960E2	0,000000E0
1,461853E2	0,000000E0
1,460746E2	0,000000E0
1,459639E2	0,000000E0
1,458532E2	0,000000E0
1,457425E2	0,000000E0
1,456318E2	0,000000E0
1,455211E2	0,000000E0
1,454105E2	0,000000E0
1,452998E2	0,000000E0
1,451891E2	0,000000E0
1,450784E2	0,000000E0
1,449677E2	0,000000E0
1,448570E2	0,000000E0
1,447463E2	3,116619E-1
1,446356E2	4,003570E-1
1,445250E2	4,705035E-1
1,444143E2	5,406500E-1
1,443036E2	3,605281E-2
1,441929E2	0,000000E0
1,440822E2	0,000000E0
1,439715E2	0,000000E0
1,438608E2	1,047130E-1
1,437501E2	1,985511E-3
1,436394E2	0,000000E0
1,435288E2	0,000000E0
1,434181E2	0,000000E0
1,433074E2	0,000000E0
1,431967E2	9,277951E-1
1,430860E2	1,925338E0
1,429753E2	1,077119E0
1,428646E2	7,957665E-2
1,427539E2	0,000000E0
1,426433E2	9,155089E-1
1,425326E2	1,913052E0
1,424219E2	2,000000E0
1,423112E2	3,026483E-1
1,422005E2	9,114044E-1
1,420898E2	1,016418E0
1,419791E2	2,807958E0
1,418684E2	3,764921E0
1,417578E2	3,079140E0
1,416471E2	3,000000E0
1,415364E2	3,890936E0
1,414257E2	4,888479E0
1,413150E2	4,551645E0
1,412043E2	5,838591E0
1,410936E2	3,356678E0
1,409829E2	1,501115E0
1,408723E2	4,724347E0
1,407616E2	5,017640E0
1,406509E2	3,257443E0
1,405402E2	7,340176E0
1,404295E2	7,075083E0
1,403188E2	6,871300E0
1,402081E2	6,971588E0
1,400974E2	7,000000E0
1,399868E2	5,896783E0
1,398761E2	5,712000E0
1,397654E2	7,326311E0
1,396547E2	9,306441E0
1,395440E2	9,131996E0
1,394333E2	1,076235E1
1,393226E2	1,173621E1
1,392119E2	1,128475E1
1,391012E2	1,180990E1
1,389906E2	1,270809E1
1,388799E2	1,373503E1
1,387692E2	1,309462E1
1,386585E2	1,327304E1
1,385478E2	1,297884E1
1,384371E2	1,394754E1
1,383264E2	1,394554E1
1,382157E2	1,427033E1
1,381051E2	1,400507E1
1,379944E2	1,390855E1
1,378837E2	1,445309E1
1,377730E2	1,444624E1
1,376623E2	1,438952E1
1,375516E2	1,470421E1
1,374409E2	1,422165E1
1,373302E2	1,350069E1
1,372196E2	1,270809E1
1,371089E2	1,303898E1
1,369982E2	1,401461E1
1,368875E2	1,524655E1
1,367768E2	1,350947E1
1,366661E2	1,194070E1
1,365554E2	1,107242E1
1,364447E2	1,225774E1
1,363341E2	1,296134E1
1,362234E2	1,268186E1
1,361127E2	1,270210E1
1,360020E2	1,229484E1
1,358913E2	1,146274E1
1,357806E2	1,035834E1
1,356699E2	1,090018E1
1,355592E2	1,181926E1
1,354486E2	1,164418E1
1,353379E2	1,150848E1
1,352272E2	1,022322E1
1,351165E2	9,261128E0
1,350058E2	8,805995E0
1,348951E2	8,712000E0
1,347844E2	8,899474E0
1,346737E2	8,079031E0
1,345630E2	5,843244E0
1,344524E2	4,395104E0
1,343417E2	4,696278E0
1,342310E2	6,423531E0
1,341203E2	6,226622E0
1,340096E2	5,158933E0
1,338989E2	5,534016E0
1,337882E2	5,209330E0
1,336775E2	4,517873E0
1,335669E2	4,906188E0
1,334562E2	5,891513E0
1,333455E2	6,074269E0
1,332348E2	5,721981E0
1,331241E2	6,155589E0
1,330134E2	5,795356E0
1,329027E2	3,664502E0
1,327920E2	2,265932E0
1,326814E2	3,365829E0
1,325707E2	3,306107E0
1,324600E2	2,382103E0
1,323493E2	2,618634E0
1,322386E2	2,762889E0
1,321279E2	3,374813E0
1,320172E2	3,454973E0
1,319065E2	3,145443E0
1,317959E2	3,000000E0
1,316852E2	3,394332E0
1,315745E2	2,547761E0
1,314638E2	3,334653E0
1,313531E2	4,132200E0
1,312424E2	2,806746E0
1,311317E2	2,026364E0
1,310210E2	2,657498E0
1,309104E2	3,599243E0
1,307997E2	3,300311E0
1,306890E2	3,793234E0
1,305783E2	2,804751E0
1,304676E2	2,230419E0
1,303569E2	3,069899E0
1,302462E2	3,174723E0
1,301355E2	3,134875E0
1,300248E2	4,371236E0
1,299142E2	5,184231E0
1,298035E2	4,867891E0
1,296928E2	3,015897E0
1,295821E2	3,241151E0
1,294714E2	4,611194E0
1,293607E2	4,337967E0
1,292500E2	3,873847E0
1,291393E2	4,543215E0
1,290287E2	5,000000E0
1,289180E2	4,595376E0
1,288073E2	4,159355E0
1,286966E2	5,240523E0
1,285859E2	6,509375E0
1,284752E2	5,563682E0
1,283645E2	5,037526E0
1,282538E2	5,695902E0
1,281432E2	5,900962E0
1,280325E2	5,361995E0
1,279218E2	6,189180E0
1,278111E2	8,172475E0
1,277004E2	9,000000E0
1,275897E2	7,943169E0
1,274790E2	7,390596E0
1,273683E2	7,894063E0
1,272577E2	8,224722E0
1,271470E2	9,079302E0
1,270363E2	9,550634E0
1,269256E2	8,958875E0
1,268149E2	9,431351E0
1,267042E2	1,166394E1
1,265935E2	1,292325E1
1,264828E2	1,135408E1
1,263722E2	8,828204E0
1,262615E2	1,120166E1
1,261508E2	1,347747E1
1,260401E2	1,362205E1
1,259294E2	1,498300E1
1,258187E2	1,645733E1
1,257080E2	1,697488E1
1,255973E2	1,748658E1
1,254866E2	1,852877E1
1,253760E2	1,919113E1
1,252653E2	2,043490E1
1,251546E2	2,112676E1
1,250439E2	2,136378E1
1,249332E2	2,187578E1
1,248225E2	2,146480E1
1,247118E2	2,080883E1
1,246011E2	2,213679E1
1,244905E2	2,267220E1
1,243798E2	2,185228E1
1,242691E2	2,255829E1
1,241584E2	2,478440E1
1,240477E2	2,668866E1
1,239370E2	2,658796E1
1,238263E2	2,542739E1
1,237156E2	2,427968E1
1,236050E2	2,190411E1
1,234943E2	1,888278E1
1,233836E2	1,917493E1
1,232729E2	2,293683E1
1,231622E2	2,674524E1
1,230515E2	2,678259E1
1,229408E2	2,360117E1
1,228301E2	1,891143E1
1,227195E2	1,791449E1
1,226088E2	1,972727E1
1,224981E2	1,841799E1
1,223874E2	1,623942E1
1,222767E2	1,547108E1
1,221660E2	1,581744E1
1,220553E2	1,505793E1
1,219446E2	1,331691E1
1,218339E2	1,239058E1
1,217233E2	1,030091E1
1,216126E2	7,062309E0
1,215019E2	6,599497E0
1,213912E2	7,745520E0
1,212805E2	7,470588E0
1,211698E2	6,561197E0
1,210591E2	6,604516E0
1,209484E2	7,684176E0
1,208378E2	6,576182E0
1,207271E2	3,847726E0
1,206164E2	3,676251E0
1,205057E2	5,224914E0
1,203950E2	5,578398E0
1,202843E2	5,000000E0
1,201736E2	5,051306E0
1,200629E2	5,044034E0
1,199523E2	5,000000E0
1,198416E2	5,000000E0
1,197309E2	5,000000E0
1,196202E2	5,315397E0
1,195095E2	5,715696E0
1,193988E2	6,045036E0
1,192881E2	6,575403E0
1,191774E2	6,305507E0
1,190668E2	6,170838E0
1,189561E2	6,612695E0
1,188454E2	7,161171E0
1,187347E2	6,865276E0
1,186240E2	4,864192E0
1,185133E2	3,168755E0
1,184026E2	3,413971E0
1,182919E2	5,152019E0
1,181813E2	6,627543E0
1,180706E2	6,000000E0
1,179599E2	6,367542E0
1,178492E2	7,000000E0
1,177385E2	6,853832E0
1,176278E2	6,545502E0
1,175171E2	6,530098E0
1,174064E2	6,921765E0
1,172957E2	7,684777E0
1,171851E2	7,387871E0
1,170744E2	7,002152E0
1,169637E2	8,612220E0
1,168530E2	1,167163E1
1,167423E2	1,380562E1
1,166316E2	1,329169E1
1,165209E2	1,189765E1
1,164102E2	1,216065E1
1,162996E2	1,200717E1
1,161889E2	9,454066E0
1,160782E2	7,861422E0
1,159675E2	9,341166E0
1,158568E2	9,815831E0
1,157461E2	8,245935E0
1,156354E2	7,648578E0
1,155247E2	8,668260E0
1,154141E2	8,874811E0
1,153034E2	8,944958E0
1,151927E2	8,685201E0
1,150820E2	8,000000E0
1,149713E2	7,698803E0
1,148606E2	6,701261E0
1,147499E2	5,703718E0
1,146392E2	5,105800E0
1,145286E2	5,558409E0
1,144179E2	6,007345E0
1,143072E2	6,147638E0
1,141965E2	6,389796E0
1,140858E2	6,593224E0
1,139751E2	6,274526E0
1,138644E2	5,386827E0
1,137537E2	3,274167E0
1,136431E2	4,272524E0
1,135324E2	5,269252E0
1,134217E2	6,037755E0
1,133110E2	5,992723E0
1,132003E2	5,474649E0
1,130896E2	5,083550E0
1,129789E2	4,927053E0
1,128682E2	6,107876E0
1,127575E2	4,747948E0
1,126469E2	4,000000E0
1,125362E2	4,000000E0
1,124255E2	4,244680E0
1,123148E2	5,000000E0
1,122041E2	5,000000E0
1,120934E2	5,000340E0
1,119827E2	4,807131E0
1,118720E2	4,083827E0
1,117614E2	4,187467E0
1,116507E2	4,747579E0
1,115400E2	4,523216E0
1,114293E2	4,222565E0
1,113186E2	5,099142E0
1,112079E2	5,524037E0
1,110972E2	5,181653E0
1,109865E2	4,255611E0
1,108759E2	4,054463E0
1,107652E2	4,356390E0
1,106545E2	5,000000E0
1,105438E2	4,995413E0
1,104331E2	4,999131E0
1,103224E2	5,100588E0
1,102117E2	5,192727E0
1,101010E2	4,303575E0
1,099904E2	4,641620E0
1,098797E2	5,815854E0
1,097690E2	6,478799E0
1,096583E2	5,882005E0
1,095476E2	5,260005E0
1,094369E2	4,539016E0
1,093262E2	4,125590E0
1,092155E2	4,815481E0
1,091049E2	4,870616E0
1,089942E2	4,829474E0
1,088835E2	4,883240E0
1,087728E2	6,012332E0
1,086621E2	7,488693E0
1,085514E2	8,053008E0
1,084407E2	1,037924E1
1,083300E2	1,152406E1
1,082193E2	1,280133E1
1,081087E2	1,634106E1
1,079980E2	1,946285E1
1,078873E2	2,068119E1
1,077766E2	2,295178E1
1,076659E2	2,664648E1
1,075552E2	2,781052E1
1,074445E2	2,806291E1
1,073338E2	2,998238E1
1,072232E2	3,082148E1
1,071125E2	3,067299E1
1,070018E2	3,088002E1
1,068911E2	3,336999E1
1,067804E2	3,525725E1
1,066697E2	3,756945E1
1,065590E2	3,963760E1
1,064483E2	4,219212E1
1,063377E2	4,779714E1
1,062270E2	4,882229E1
1,061163E2	4,416029E1
1,060056E2	4,492079E1
1,058949E2	4,777680E1
1,057842E2	4,779455E1
1,056735E2	4,484664E1
1,055628E2	4,615758E1
1,054522E2	4,823391E1
1,053415E2	5,076463E1
1,052308E2	5,758550E1
1,051201E2	6,100532E1
1,050094E2	5,940845E1
1,048987E2	5,509418E1
1,047880E2	5,559359E1
1,046773E2	5,629620E1
1,045667E2	5,533094E1
1,044560E2	5,550516E1
1,043453E2	5,592412E1
1,042346E2	5,692994E1
1,041239E2	5,821770E1
1,040132E2	6,364893E1
1,039025E2	6,010175E1
1,037918E2	6,124984E1
1,036811E2	5,873977E1
1,035705E2	5,618961E1
1,034598E2	5,805106E1
1,033491E2	5,946172E1
1,032384E2	6,217627E1
1,031277E2	6,042264E1
1,030170E2	5,995409E1
1,029063E2	5,459501E1
1,027956E2	5,406302E1
1,026850E2	4,985950E1
1,025743E2	4,967469E1
1,024636E2	4,732987E1
1,023529E2	5,112088E1
1,022422E2	5,045571E1
1,021315E2	5,071814E1
1,020208E2	4,832226E1
1,019101E2	4,774142E1
1,017995E2	4,909941E1
1,016888E2	4,894777E1
1,015781E2	5,082637E1
1,014674E2	4,783626E1
1,013567E2	4,745974E1
1,012460E2	4,391462E1
1,011353E2	3,731533E1
1,010246E2	3,703279E1
1,009140E2	3,667147E1
1,008033E2	3,929392E1
1,006926E2	4,200853E1
1,005819E2	2,991141E1
1,004712E2	2,725694E1
1,003605E2	2,387495E1
1,002498E2	2,087653E1
1,001391E2	1,353782E1
1,000285E2	1,092472E1
9,991776E1	1,016896E1
9,980707E1	6,696260E0
9,969639E1	7,555266E0
9,958570E1	7,107620E0
9,947501E1	7,959032E0
9,936432E1	8,084867E0
9,925364E1	7,290177E0
9,914295E1	8,192528E0
9,903226E1	7,136618E0
9,892157E1	7,739656E0
9,881088E1	1,053593E1
9,870020E1	1,064146E1
9,858951E1	9,361250E0
9,847882E1	7,640013E0
9,836813E1	8,952499E0
9,825745E1	1,220127E1
9,814676E1	1,294127E1
9,803607E1	1,285867E1
9,792538E1	1,670121E1
9,781469E1	1,422188E1
9,770401E1	1,588504E1
9,759332E1	1,854905E1
9,748263E1	2,227730E1
9,737194E1	2,737283E1
9,726126E1	3,222195E1
9,715057E1	3,439090E1
9,703988E1	3,579993E1
9,692919E1	3,175890E1
9,681850E1	3,347745E1
9,670782E1	3,493537E1
9,659713E1	3,682725E1
9,648644E1	3,933782E1
9,637575E1	4,259525E1
9,626506E1	4,559189E1
9,615438E1	4,773887E1
9,604369E1	5,385930E1
9,593300E1	5,133712E1
9,582231E1	4,875212E1
9,571163E1	4,744701E1
9,560094E1	4,615330E1
9,549025E1	4,619173E1
9,537956E1	4,774426E1
9,526887E1	4,770958E1
9,515819E1	4,750896E1
9,504750E1	4,665230E1
9,493681E1	4,703128E1
9,482612E1	4,851146E1
9,471544E1	5,042269E1
9,460475E1	4,979964E1
9,449406E1	4,815765E1
9,438337E1	4,771025E1
9,427268E1	4,455285E1
9,416200E1	4,242142E1
9,405131E1	4,004927E1
9,394062E1	3,965912E1
9,382993E1	4,152447E1
9,371925E1	4,299424E1
9,360856E1	4,278833E1
9,349787E1	4,044743E1
9,338718E1	4,097811E1
9,327649E1	3,954907E1
9,316581E1	3,906147E1
9,305512E1	3,813256E1
9,294443E1	3,487759E1
9,283374E1	3,082017E1
9,272305E1	2,929859E1
9,261237E1	2,725334E1
9,250168E1	2,711764E1
9,239099E1	3,060426E1
9,228030E1	3,067549E1
9,216962E1	2,485525E1
9,205893E1	1,962767E1
9,194824E1	1,770161E1
9,183755E1	1,497297E1
9,172686E1	1,037688E1
9,161618E1	1,193542E1
9,150549E1	1,119526E1
9,139480E1	9,170722E0
9,128411E1	8,986241E0
9,117343E1	8,730548E0
9,106274E1	7,831484E0
9,095205E1	6,286709E0
9,084136E1	5,114515E0
9,073067E1	7,665445E0
9,061999E1	7,341567E0
9,050930E1	5,947170E0
9,039861E1	5,688611E0
9,028792E1	6,123903E0
9,017724E1	6,171096E0
9,006655E1	6,705888E0
8,995586E1	6,969068E0
8,984517E1	6,966554E0
8,973448E1	7,386291E0
8,962380E1	7,158008E0
8,951311E1	6,574438E0
8,940242E1	6,561420E0
8,929173E1	6,607691E0
8,918104E1	6,165213E0
8,907036E1	5,290148E0
8,895967E1	5,293448E0
8,884898E1	5,090716E0
8,873829E1	4,811293E0
8,862761E1	4,944836E0
8,851692E1	5,000000E0
8,840623E1	5,000000E0
8,829554E1	5,711337E0
8,818485E1	6,709000E0
8,807417E1	8,185610E0
8,796348E1	7,842074E0
8,785279E1	6,211259E0
8,774210E1	5,189721E0
8,763142E1	5,102908E0
8,752073E1	4,174233E0
8,741004E1	5,095598E0
8,729935E1	9,158708E0
8,718866E1	8,819566E0
8,707798E1	7,967888E0
8,696729E1	7,814564E0
8,685660E1	8,424389E0
8,674591E1	9,558344E0
8,663523E1	1,077611E1
8,652454E1	1,375439E1
8,641385E1	1,761949E1
8,630316E1	2,297239E1
8,619247E1	2,646184E1
8,608179E1	2,728038E1
8,597110E1	2,699851E1
8,586041E1	2,883461E1
8,574972E1	3,394767E1
8,563903E1	3,777232E1
8,552835E1	3,590019E1
8,541766E1	3,565608E1
8,530697E1	3,933778E1
8,519628E1	3,992426E1
8,508560E1	4,409365E1
8,497491E1	5,244792E1
8,486422E1	5,777952E1
8,475353E1	6,099669E1
8,464284E1	5,935996E1
8,453216E1	5,785938E1
8,442147E1	5,727345E1
8,431078E1	5,811877E1
8,420009E1	6,257704E1
8,408941E1	6,563321E1
8,397872E1	6,684208E1
8,386803E1	6,666959E1
8,375734E1	6,396841E1
8,364665E1	6,471179E1
8,353597E1	6,485764E1
8,342528E1	6,502255E1
8,331459E1	6,925424E1
8,320390E1	7,519519E1
8,309321E1	7,870451E1
8,298253E1	7,919757E1
8,287184E1	7,738326E1
8,276115E1	7,674667E1
8,265046E1	7,744480E1
8,253978E1	7,488686E1
8,242909E1	6,930405E1
8,231840E1	6,562013E1
8,220771E1	6,494825E1
8,209702E1	6,464007E1
8,198634E1	6,328920E1
8,187565E1	6,764288E1
8,176496E1	7,508752E1
8,165427E1	7,717233E1
8,154359E1	7,283213E1
8,143290E1	7,043003E1
8,132221E1	7,438916E1
8,121152E1	7,699309E1
8,110083E1	7,426881E1
8,099015E1	7,113849E1
8,087946E1	7,201387E1
8,076877E1	7,465041E1
8,065808E1	7,429553E1
8,054740E1	7,216584E1
8,043671E1	7,029236E1
8,032602E1	6,964015E1
8,021533E1	6,890768E1
8,010464E1	6,843102E1
7,999396E1	6,737594E1
7,988327E1	6,676631E1
7,977258E1	6,806756E1
7,966189E1	6,731486E1
7,955120E1	6,290086E1
7,944052E1	6,091843E1
7,932983E1	6,561193E1
7,921914E1	6,815767E1
7,910845E1	6,264131E1
7,899777E1	5,657980E1
7,888708E1	5,555061E1
7,877639E1	5,376411E1
7,866570E1	4,800961E1
7,855501E1	4,190309E1
7,844433E1	3,693942E1
7,833364E1	3,441946E1
7,822295E1	3,443916E1
7,811226E1	3,514516E1
7,800158E1	3,457154E1
7,789089E1	3,048262E1
7,778020E1	2,317401E1
7,766951E1	1,681877E1
7,755882E1	1,570034E1
7,744814E1	1,484251E1
7,733745E1	1,305971E1
7,722676E1	1,287252E1
7,711607E1	1,274177E1
7,700539E1	1,232239E1
7,689470E1	1,107720E1
7,678401E1	9,631091E0
7,667332E1	8,745795E0
7,656263E1	7,878957E0
7,645195E1	7,753141E0
7,634126E1	9,133693E0
7,623057E1	1,233595E1
7,611988E1	1,566486E1
7,600919E1	1,852512E1
7,589851E1	2,154253E1
7,578782E1	2,065521E1
7,567713E1	2,029222E1
7,556644E1	2,290898E1
7,545576E1	2,685797E1
7,534507E1	2,940801E1
7,523438E1	3,245174E1
7,512369E1	3,726676E1
7,501300E1	4,257348E1
7,490232E1	4,648171E1
7,479163E1	4,631926E1
7,468094E1	4,518119E1
7,457025E1	4,646165E1
7,445957E1	5,025114E1
7,434888E1	5,451191E1
7,423819E1	5,650441E1
7,412750E1	5,613247E1
7,401681E1	5,824111E1
7,390613E1	6,312255E1
7,379544E1	6,445415E1
7,368475E1	6,406801E1
7,357406E1	6,684537E1
7,346338E1	6,962565E1
7,335269E1	6,604967E1
7,324200E1	6,216320E1
7,313131E1	6,263296E1
7,302062E1	6,613471E1
7,290994E1	6,494027E1
7,279925E1	6,335033E1
7,268856E1	6,522867E1
7,257787E1	7,000428E1
7,246718E1	6,950353E1
7,235650E1	6,308591E1
7,224581E1	5,872000E1
7,213512E1	5,906976E1
7,202443E1	5,974295E1
7,191375E1	6,048139E1
7,180306E1	6,340699E1
7,169237E1	6,539857E1
7,158168E1	6,250958E1
7,147099E1	5,999240E1
7,136031E1	6,030884E1
7,124962E1	5,806795E1
7,113893E1	5,416244E1
7,102824E1	5,480439E1
7,091756E1	5,675776E1
7,080687E1	5,825956E1
7,069618E1	6,029617E1
7,058549E1	6,185840E1
7,047480E1	5,969243E1
7,036412E1	5,598638E1
7,025343E1	5,356901E1
7,014274E1	5,178753E1
7,003205E1	5,120289E1
6,992137E1	5,122784E1
6,981068E1	5,026451E1
6,969999E1	4,733333E1
6,958930E1	4,350582E1
6,947861E1	4,069708E1
6,936793E1	3,817697E1
6,925724E1	3,257043E1
6,914655E1	2,867646E1
6,903586E1	2,775874E1
6,892517E1	2,689412E1
6,881449E1	2,495294E1
6,870380E1	2,318715E1
6,859311E1	2,260391E1
6,848242E1	2,312155E1
6,837174E1	2,162896E1
6,826105E1	2,053635E1
6,815036E1	2,093763E1
6,803967E1	2,069350E1
6,792898E1	1,931835E1
6,781830E1	1,784023E1
6,770761E1	1,642410E1
6,759692E1	1,360339E1
6,748623E1	1,187537E1
6,737555E1	1,057499E1
6,726486E1	1,039736E1
6,715417E1	1,046171E1
6,704348E1	9,683886E0
6,693279E1	8,608595E0
6,682211E1	7,642443E0
6,671142E1	7,184212E0
6,660073E1	6,471839E0
6,649004E1	6,240274E0
6,637936E1	6,452112E0
6,626867E1	7,048563E0
6,615798E1	6,764608E0
6,604729E1	5,503854E0
6,593660E1	3,569815E0
6,582592E1	1,953405E0
6,571523E1	1,767678E0
6,560454E1	2,415442E0
6,549385E1	4,205264E0
6,538316E1	5,000000E0
6,527248E1	4,911519E0
6,516179E1	4,642705E0
6,505110E1	4,770309E0
6,494041E1	4,848968E0
6,482973E1	3,956335E0
6,471904E1	3,242927E0
6,460835E1	4,176385E0
6,449766E1	5,413691E0
6,438697E1	6,794979E0
6,427629E1	5,442112E0
6,416560E1	3,939188E0
6,405491E1	5,232423E0
6,394422E1	6,496337E0
6,383354E1	6,429904E0
6,372285E1	7,253303E0
6,361216E1	8,361699E0
6,350147E1	9,053756E0
6,339078E1	1,122270E1
6,328010E1	1,428503E1
6,316941E1	1,612505E1
6,305872E1	1,777402E1
6,294803E1	2,116770E1
6,283734E1	2,402805E1
6,272666E1	2,498063E1
6,261597E1	2,620419E1
6,250528E1	2,753722E1
6,239459E1	2,643375E1
6,228391E1	2,573245E1
6,217322E1	2,485872E1
6,206253E1	2,497569E1
6,195184E1	2,736645E1
6,184115E1	3,297710E1
6,173047E1	3,815410E1
6,161978E1	4,204141E1
6,150909E1	4,398351E1
6,139840E1	5,113954E1
6,128772E1	5,254018E1
6,117703E1	5,248522E1
6,106634E1	4,900518E1
6,095565E1	4,749968E1
6,084496E1	5,014082E1
6,073428E1	5,523583E1
6,062359E1	5,934678E1
6,051290E1	6,247278E1
6,040221E1	6,261826E1
6,029153E1	6,250083E1
6,018084E1	6,590106E1
6,007015E1	6,780667E1
5,995946E1	6,904793E1
5,984877E1	6,970603E1
5,973809E1	6,507217E1
5,962740E1	6,719670E1
5,951671E1	6,671788E1
5,940602E1	6,860297E1
5,929533E1	6,862594E1
5,918465E1	6,555048E1
5,907396E1	6,240888E1
5,896327E1	6,152291E1
5,885258E1	6,276958E1
5,874190E1	6,272551E1
5,863121E1	6,204812E1
5,852052E1	6,045604E1
5,840983E1	5,876256E1
5,829914E1	6,217638E1
5,818846E1	6,634757E1
5,807777E1	6,752629E1
5,796708E1	6,705429E1
5,785639E1	6,604557E1
5,774571E1	6,999892E1
5,763502E1	7,045962E1
5,752433E1	6,605751E1
5,741364E1	6,532643E1
5,730295E1	6,730390E1
5,719227E1	6,626802E1
5,708158E1	6,349627E1
5,697089E1	5,900620E1
5,686020E1	5,642742E1
5,674952E1	5,072825E1
5,663883E1	5,064437E1
5,652814E1	5,066257E1
5,641745E1	4,942001E1
5,630676E1	4,952422E1
5,619608E1	4,600345E1
5,608539E1	4,067324E1
5,597470E1	4,380231E1
5,586401E1	4,044355E1
5,575332E1	3,289209E1
5,564264E1	2,731044E1
5,553195E1	2,308863E1
5,542126E1	1,990472E1
5,531057E1	1,847775E1
5,519989E1	1,400342E1
5,508920E1	1,501784E1
5,497851E1	1,614364E1
5,486782E1	1,503618E1
5,475713E1	1,348184E1
5,464645E1	1,115470E1
5,453576E1	8,247092E0
5,442507E1	6,675629E0
5,431438E1	7,440715E0
5,420370E1	7,570011E0
5,409301E1	7,640157E0
5,398232E1	7,992201E0
5,387163E1	8,000000E0
5,376094E1	6,395459E0
5,365026E1	5,233554E0
5,353957E1	5,323434E0
5,342888E1	5,931352E0
5,331819E1	6,672621E0
5,320751E1	6,751070E0
5,309682E1	9,296786E0
5,298613E1	1,748587E1
5,287544E1	2,434099E1
5,276475E1	2,737890E1
5,265407E1	2,980386E1
5,254338E1	2,755212E1
5,243269E1	2,780338E1
5,232200E1	2,949040E1
5,221131E1	3,220181E1
5,210063E1	3,344358E1
5,198994E1	3,684414E1
5,187925E1	3,886522E1
5,176856E1	3,935790E1
5,165788E1	3,735840E1
5,154719E1	3,863862E1
5,143650E1	3,817535E1
5,132581E1	3,885536E1
5,121512E1	4,405671E1
5,110444E1	4,932073E1
5,099375E1	4,762756E1
5,088306E1	4,362505E1
5,077237E1	4,680202E1
5,066169E1	4,686378E1
5,055100E1	4,762830E1
5,044031E1	4,943984E1
5,032962E1	4,907469E1
5,021893E1	4,893171E1
5,010825E1	4,897214E1
4,999756E1	4,685246E1
4,988687E1	4,662790E1
4,977618E1	4,485310E1
4,966550E1	4,311974E1
4,955481E1	4,096237E1
4,944412E1	3,617900E1
4,933343E1	3,840527E1
4,922274E1	3,770329E1
4,911206E1	3,721534E1
4,900137E1	3,895731E1
4,889068E1	3,826297E1
4,877999E1	3,541647E1
4,866930E1	3,159633E1
4,855862E1	2,988098E1
4,844793E1	2,888237E1
4,833724E1	2,749976E1
4,822655E1	2,573431E1
4,811587E1	2,349331E1
4,800518E1	2,314862E1
4,789449E1	2,251921E1
4,778380E1	2,217120E1
4,767311E1	2,101939E1
4,756243E1	1,825899E1
4,745174E1	1,569803E1
4,734105E1	1,496805E1
4,723036E1	1,521804E1
4,711968E1	1,316168E1
4,700899E1	1,220175E1
4,689830E1	1,326116E1
4,678761E1	1,250804E1
4,667692E1	1,137964E1
4,656624E1	1,144106E1
4,645555E1	1,290442E1
4,634486E1	1,161607E1
4,623417E1	1,193416E1
4,612349E1	1,215400E1
4,601280E1	1,273350E1
4,590211E1	1,310379E1
4,579142E1	1,253947E1
4,568073E1	1,218961E1
4,557005E1	1,213528E1
4,545936E1	1,282743E1
4,534867E1	1,165698E1
4,523798E1	9,982364E0
4,512729E1	1,081415E1
4,501661E1	1,140917E1
4,490592E1	1,106247E1
4,479523E1	1,080855E1
4,468454E1	1,154119E1
4,457386E1	1,029473E1
4,446317E1	9,615676E0
4,435248E1	1,006562E1
4,424179E1	1,019545E1
4,413110E1	1,060801E1
4,402042E1	1,073818E1
4,390973E1	1,069409E1
4,379904E1	1,129104E1
4,368835E1	1,173671E1
4,357767E1	1,107464E1
4,346698E1	1,032366E1
4,335629E1	1,002166E1
4,324560E1	9,315373E0
4,313491E1	9,020537E0
4,302423E1	9,104615E0
4,291354E1	9,761447E0
4,280285E1	7,918255E0
4,269216E1	7,907235E0
4,258147E1	7,472860E0
4,247079E1	7,647388E0
4,236010E1	1,017832E1
4,224941E1	1,069973E1
4,213872E1	1,118235E1
4,202804E1	1,699940E1
4,191735E1	1,865876E1
4,180666E1	1,941509E1
4,169597E1	2,026304E1
4,158528E1	2,110874E1
4,147460E1	2,353876E1
4,136391E1	2,832916E1
4,125322E1	3,212900E1
4,114253E1	3,401584E1
4,103185E1	3,972162E1
4,092116E1	4,551475E1
4,081047E1	4,829363E1
4,069978E1	4,909981E1
4,058909E1	5,237941E1
4,047841E1	5,484067E1
4,036772E1	5,451309E1
4,025703E1	5,378919E1
4,014634E1	5,433789E1
4,003566E1	5,651686E1
3,992497E1	5,777884E1
3,981428E1	5,857222E1
3,970359E1	6,364495E1
3,959290E1	7,259521E1
3,948222E1	7,865940E1
3,937153E1	7,881175E1
3,926084E1	7,860135E1
3,915015E1	7,623662E1
3,903946E1	7,331596E1
3,892878E1	7,317464E1
3,881809E1	7,491236E1
3,870740E1	7,728917E1
3,859671E1	8,054003E1
3,848603E1	8,402143E1
3,837534E1	8,636907E1
3,826465E1	8,831661E1
3,815396E1	9,018788E1
3,804327E1	9,063797E1
3,793259E1	8,874297E1
3,782190E1	8,556051E1
3,771121E1	8,396628E1
3,760052E1	8,444868E1
3,748984E1	8,693622E1
3,737915E1	8,804124E1
3,726846E1	8,800366E1
3,715777E1	8,850121E1
3,704708E1	8,890272E1
3,693640E1	8,926739E1
3,682571E1	9,080299E1
3,671502E1	9,326169E1
3,660433E1	9,327113E1
3,649365E1	9,198688E1
3,638296E1	9,140176E1
3,627227E1	9,070440E1
3,616158E1	8,915924E1
3,605089E1	8,811249E1
3,594021E1	8,720363E1
3,582952E1	8,529132E1
3,571883E1	8,306783E1
3,560814E1	8,243726E1
3,549745E1	8,221973E1
3,538677E1	8,196126E1
3,527608E1	8,309206E1
3,516539E1	8,425384E1
3,505470E1	8,403309E1
3,494402E1	8,335598E1
3,483333E1	8,252265E1
3,472264E1	8,103366E1
3,461195E1	7,992344E1
3,450126E1	8,036310E1
3,439058E1	8,166722E1
3,427989E1	8,209169E1
3,416920E1	8,251276E1
3,405851E1	8,256873E1
3,394783E1	7,870755E1
3,383714E1	7,401371E1
3,372645E1	7,245706E1
3,361576E1	7,185544E1
3,350507E1	7,166992E1
3,339439E1	7,390655E1
3,328370E1	7,302372E1
3,317301E1	6,772106E1
3,306232E1	6,583011E1
3,295164E1	6,870332E1
3,284095E1	6,659830E1
3,273026E1	6,188577E1
3,261957E1	5,619532E1
3,250888E1	5,125988E1
3,239820E1	5,182553E1
3,228751E1	5,239652E1
3,217682E1	5,093586E1
3,206613E1	4,530296E1
3,195544E1	4,034095E1
3,184476E1	3,783449E1
3,173407E1	3,550571E1
3,162338E1	3,144948E1
3,151269E1	2,724166E1
3,140201E1	2,261906E1
3,129132E1	2,141270E1
3,118063E1	1,906561E1
3,106994E1	1,471822E1
3,095925E1	1,398025E1
3,084857E1	1,539210E1
3,073788E1	1,514625E1
3,062719E1	1,272253E1
3,051650E1	1,100188E1
3,040582E1	1,182198E1
3,029513E1	1,296872E1
3,018444E1	1,203474E1
3,007375E1	1,124083E1
2,996306E1	1,099581E1
2,985238E1	1,134412E1
2,974169E1	1,197034E1
2,963100E1	1,163379E1
2,952031E1	1,184401E1
2,940963E1	1,285015E1
2,929894E1	1,220327E1
2,918825E1	1,083961E1
2,907756E1	1,115954E1
2,896687E1	1,398160E1
2,885619E1	1,651466E1
2,874550E1	1,644306E1
2,863481E1	1,631707E1
2,852412E1	1,749404E1
2,841343E1	1,773957E1
2,830275E1	1,702692E1
2,819206E1	1,609539E1
2,808137E1	1,722451E1
2,797068E1	2,074271E1
2,786000E1	2,402042E1
2,774931E1	2,660368E1
2,763862E1	3,163229E1
2,752793E1	3,530430E1
2,741724E1	3,787510E1
2,730656E1	4,200874E1
2,719587E1	4,895828E1
2,708518E1	5,531372E1
2,697449E1	5,692457E1
2,686381E1	5,800414E1
2,675312E1	6,376474E1
2,664243E1	6,736718E1
2,653174E1	6,390636E1
2,642105E1	5,978748E1
2,631037E1	6,219559E1
2,619968E1	6,768955E1
2,608899E1	7,294838E1
2,597830E1	7,673203E1
2,586762E1	7,969716E1
2,575693E1	8,463097E1
2,564624E1	8,781169E1
2,553555E1	8,930624E1
2,542486E1	9,055077E1
2,531418E1	9,010974E1
2,520349E1	8,814888E1
2,509280E1	8,903826E1
2,498211E1	9,114431E1
2,487142E1	9,072144E1
2,476074E1	9,132194E1
2,465005E1	9,229958E1
2,453936E1	9,260497E1
2,442867E1	9,390916E1
2,431799E1	9,618517E1
2,420730E1	9,746762E1
2,409661E1	9,740317E1
2,398592E1	9,663269E1
2,387523E1	9,750374E1
2,376455E1	9,833294E1
2,365386E1	9,812555E1
2,354317E1	9,881702E1
2,343248E1	9,886595E1
2,332180E1	9,918314E1
2,321111E1	1,008818E2
2,310042E1	1,007670E2
2,298973E1	1,005755E2
2,287904E1	1,006065E2
2,276836E1	1,005279E2
2,265767E1	9,970721E1
2,254698E1	9,952876E1
2,243629E1	9,870310E1
2,232560E1	9,842910E1
2,221492E1	9,897822E1
2,210423E1	9,834147E1
2,199354E1	9,750717E1
2,188285E1	9,752734E1
2,177217E1	9,809538E1
2,166148E1	9,874363E1
2,155079E1	9,965455E1
2,144010E1	9,910412E1
2,132941E1	9,857781E1
2,121873E1	9,839262E1
2,110804E1	9,842105E1
2,099735E1	9,798266E1
2,088666E1	9,600871E1
2,077598E1	9,459942E1
2,066529E1	9,403761E1
2,055460E1	9,320303E1
2,044391E1	9,331655E1
2,033322E1	9,608259E1
2,022254E1	9,926349E1
2,011185E1	9,883033E1
2,000116E1	9,322666E1
1,989047E1	9,159812E1
1,977979E1	8,745691E1
1,966910E1	8,674247E1
1,955841E1	8,676285E1
1,944772E1	8,870029E1
1,933703E1	8,976193E1
1,922635E1	8,939131E1
1,911566E1	8,850103E1
1,900497E1	8,755930E1
1,889428E1	8,632168E1
1,878359E1	8,855961E1
1,867291E1	9,143303E1
1,856222E1	9,353765E1
1,845153E1	9,218512E1
1,834084E1	9,709355E1
1,823016E1	1,014033E2
1,811947E1	1,000334E2
1,800878E1	9,846664E1
1,789809E1	9,929465E1
1,778740E1	9,756702E1
1,767672E1	9,603638E1
1,756603E1	8,707075E1
1,745534E1	8,840710E1
1,734465E1	1,109590E2
1,723397E1	1,541570E2
1,712328E1	1,798389E2
1,701259E1	1,838257E2
1,690190E1	1,948195E2
1,679121E1	2,000198E2
1,668053E1	2,099569E2
1,656984E1	2,135050E2
1,645915E1	2,023157E2
1,634846E1	1,988777E2
1,623778E1	1,789135E2
1,612709E1	1,707432E2
1,601640E1	1,722639E2
1,590571E1	1,846705E2
1,579502E1	2,059583E2
1,568434E1	2,143928E2
1,557365E1	2,210715E2
1,546296E1	2,210466E2
1,535227E1	2,235355E2
1,524158E1	2,257954E2
1,513090E1	2,295851E2
1,502021E1	2,387647E2
1,490952E1	2,448594E2
1,479883E1	2,430012E2
1,468815E1	2,419315E2
1,457746E1	2,342031E2
1,446677E1	2,114681E2
1,435608E1	2,377346E2
1,424539E1	2,492930E2
1,413471E1	2,465089E2
1,402402E1	2,454499E2
1,391333E1	2,481237E2
1,380264E1	2,403511E2
1,369196E1	2,392226E2
1,358127E1	2,423927E2
1,347058E1	2,414726E2
1,335989E1	2,300388E2
1,324920E1	2,314427E2
1,313852E1	2,456950E2
1,302783E1	2,468274E2
1,291714E1	2,452964E2
1,280645E1	2,510504E2
1,269577E1	2,476107E2
1,258508E1	2,416867E2
1,247439E1	2,408687E2
1,236370E1	2,426401E2
1,225301E1	2,478832E2
1,214233E1	2,479827E2
1,203164E1	2,467098E2
1,192095E1	2,423699E2
1,181026E1	2,360539E2
1,169957E1	2,320418E2
1,158889E1	2,313407E2
1,147820E1	2,352528E2
1,136751E1	2,417110E2
1,125682E1	2,454561E2
1,114614E1	2,498658E2
1,103545E1	2,511329E2
1,092476E1	2,517582E2
1,081407E1	2,461856E2
1,070338E1	2,438651E2
1,059270E1	2,487172E2
1,048201E1	2,467328E2
1,037132E1	2,476521E2
1,026063E1	2,458844E2
1,014995E1	2,446341E2
1,003926E1	2,487411E2
9,928570E0	2,499861E2
9,817882E0	2,485783E2
9,707194E0	2,463160E2
9,596506E0	2,412711E2
9,485819E0	2,322689E2
9,375131E0	2,331629E2
9,264443E0	2,430236E2
9,153755E0	2,449412E2
9,043067E0	2,411194E2
8,932379E0	2,311041E2
8,821692E0	2,322264E2
8,711004E0	2,132292E2
8,600316E0	1,995266E2
8,489628E0	2,003564E2
8,378940E0	2,001558E2
8,268253E0	1,928336E2
8,157565E0	1,973665E2
8,046877E0	1,980802E2
7,936189E0	2,117735E2
7,825501E0	2,070863E2
7,714813E0	1,717787E2
7,604126E0	1,783890E2
7,493438E0	1,495819E2
7,382750E0	1,345068E2
7,272062E0	1,228622E2
7,161374E0	1,233447E2
7,050687E0	1,296542E2
6,939999E0	1,103511E2
6,829311E0	1,018012E2
6,718623E0	9,851884E1
6,607935E0	9,654026E1
6,497248E0	9,570045E1
6,386560E0	1,061238E2
6,275872E0	9,767735E1
6,165184E0	1,036216E2
6,054496E0	1,219413E2
5,943808E0	1,273615E2
5,833121E0	1,241769E2
5,722433E0	1,674326E2
5,611745E0	1,951133E2
5,501057E0	1,851240E2
5,390369E0	1,783764E2
5,279682E0	1,207333E2
5,168994E0	1,876968E2
5,058306E0	2,322641E2
4,947618E0	2,158854E2
4,836930E0	2,374926E2
4,726242E0	2,373633E2
4,615555E0	2,414924E2
4,504867E0	2,471156E2
4,394179E0	2,396601E2
4,283491E0	2,428174E2
4,172803E0	2,440881E2
4,062116E0	2,383201E2
3,951428E0	2,437630E2
3,840740E0	2,465301E2
3,730052E0	2,454210E2
3,619364E0	2,430682E2
3,508677E0	2,470815E2
3,397989E0	2,512946E2
3,287301E0	2,522281E2
3,176613E0	2,523481E2
3,065925E0	2,516989E2
2,955237E0	2,487273E2
2,844550E0	2,468433E2
2,733862E0	2,505166E2
2,623174E0	2,513364E2
2,512486E0	2,522469E2
2,401798E0	2,517888E2
2,291111E0	2,533321E2
2,180423E0	2,526569E2
2,069735E0	2,533278E2
1,959047E0	2,526777E2
1,848359E0	2,526120E2
1,737672E0	2,526804E2
1,626984E0	2,521869E2
1,516296E0	2,511451E2
1,405608E0	2,507648E2
1,294920E0	2,531227E2
1,184232E0	2,532370E2
1,073545E0	2,525519E2
9,628568E-1	2,528903E2
8,521690E-1	2,527054E2
7,414812E-1	2,526322E2
6,307934E-1	2,534971E2
5,201056E-1	2,531343E2
4,094177E-1	2,519513E2
2,987299E-1	2,516670E2
1,880421E-1	2,527967E2
7,735430E-2	2,524645E2
-3,333352E-2	2,510033E2
-1,440213E-1	2,508846E2
-2,547091E-1	2,531008E2
-3,653970E-1	2,537871E2
-4,760848E-1	2,507561E2
-5,867726E-1	2,493313E2
-6,974604E-1	2,494328E2
-8,081482E-1	2,507513E2
-9,188360E-1	2,523624E2
-1,029524E0	2,533684E2
-1,140212E0	2,528998E2
-1,250899E0	2,528893E2
-1,361587E0	2,529866E2
-1,472275E0	2,528851E2
-1,582963E0	2,518299E2
-1,693651E0	2,457051E2
-1,804339E0	2,426378E2
-1,915026E0	2,447469E2
-2,025714E0	2,462375E2
-2,136402E0	2,476324E2
-2,247090E0	2,493412E2
-2,357778E0	2,499086E2
-2,468465E0	2,496243E2
-2,579153E0	2,485647E2
-2,689841E0	2,440448E2
-2,800529E0	2,355983E2
-2,911217E0	2,386845E2
-3,021905E0	2,448040E2
-3,132592E0	2,444719E2
-3,243280E0	2,451443E2
-3,353968E0	2,435942E2
-3,464656E0	2,366639E2
-3,575344E0	2,226615E2
-3,686031E0	2,013962E2
-3,796719E0	1,951982E2
-3,907407E0	2,041085E2
-4,018095E0	2,108459E2
-4,128783E0	2,169113E2
-4,239470E0	2,197089E2
-4,350158E0	2,127750E2
-4,460846E0	1,830470E2
-4,571534E0	1,262405E2
-4,682222E0	1,254705E2
-4,792910E0	1,535498E2
-4,903597E0	1,514089E2
-5,014285E0	1,159970E2
-5,124973E0	8,703498E1
-5,235661E0	9,662970E1
-5,346349E0	1,134472E2
-5,457036E0	1,276947E2
-5,567724E0	1,242599E2
-5,678412E0	9,851234E1
-5,789100E0	9,243350E1
-5,899788E0	9,608428E1
-6,010475E0	1,010649E2
-6,121163E0	1,395616E2
-6,231851E0	1,528996E2
-6,342539E0	1,394086E2
-6,453227E0	1,538976E2
-6,563915E0	1,775715E2
-6,674602E0	1,843322E2
-6,785290E0	1,737239E2
-6,895978E0	1,562535E2
-7,006666E0	1,686891E2
-7,117354E0	1,917692E2
-7,228041E0	1,930912E2
-7,338729E0	1,883765E2
-7,449417E0	1,799116E2
-7,560105E0	1,853916E2
-7,670793E0	1,851276E2
-7,781481E0	2,027555E2
-7,892168E0	2,327901E2
-8,002856E0	2,362520E2
-8,113544E0	2,391696E2
-8,224232E0	2,458561E2
-8,334920E0	2,480565E2
-8,445607E0	2,482174E2
-8,556295E0	2,355910E2
-8,666983E0	1,974715E2
-8,777671E0	1,889524E2
-8,888359E0	2,241889E2
-8,999046E0	2,454071E2
-9,109734E0	2,432381E2
-9,220422E0	2,415390E2
-9,331110E0	2,467597E2
-9,441798E0	2,467918E2
-9,552486E0	2,434489E2
-9,663173E0	2,394025E2
-9,773861E0	2,334698E2
-9,884549E0	2,311401E2
-9,995237E0	2,314338E2
-1,010592E1	2,322182E2
-1,021661E1	2,331058E2
-1,032730E1	2,347591E2
-1,043799E1	2,386544E2
-1,054868E1	2,409109E2
-1,065936E1	2,435617E2
-1,077005E1	2,459348E2
-1,088074E1	2,428381E2
-1,099143E1	2,329465E2
-1,110211E1	2,291510E2
-1,121280E1	2,390895E2
-1,132349E1	2,470359E2
-1,143418E1	2,428426E2
-1,154487E1	2,398940E2
-1,165555E1	2,444290E2
-1,176624E1	2,469656E2
-1,187693E1	2,426309E2
-1,198762E1	2,386806E2
-1,209831E1	2,385921E2
-1,220899E1	2,373360E2
-1,231968E1	2,358084E2
-1,243037E1	2,400542E2
-1,254106E1	2,444756E2
-1,265174E1	2,303765E2
-1,276243E1	2,096219E2
-1,287312E1	2,088363E2
-1,298381E1	2,189027E2
-1,309450E1	2,288890E2
-1,320518E1	2,410068E2
-1,331587E1	2,465294E2
-1,342656E1	2,468460E2
-1,353725E1	2,437097E2
-1,364793E1	2,408930E2
-1,375862E1	2,399849E2
-1,386931E1	2,322790E2
-1,398000E1	2,157779E2
-1,409069E1	2,124253E2
-1,420137E1	2,268827E2
-1,431206E1	2,362282E2
-1,442275E1	2,416061E2
-1,453344E1	2,276863E2
-1,464412E1	1,925769E2
-1,475481E1	1,698788E2
-1,486550E1	1,677551E2
-1,497619E1	1,738098E2
-1,508688E1	1,832218E2
-1,519756E1	1,928624E2
-1,530825E1	2,015898E2
-1,541894E1	2,056585E2
-1,552963E1	2,072613E2
-1,564032E1	2,117459E2
-1,575100E1	2,202770E2
-1,586169E1	2,256209E2
-1,597238E1	2,230594E2
-1,608307E1	1,925213E2
-1,619375E1	1,167103E2
-1,630444E1	6,620795E1
-1,641513E1	8,269774E1
-1,652582E1	9,735240E1
-1,663651E1	9,731890E1
-1,674719E1	8,435161E1
-1,685788E1	6,875505E1
-1,696857E1	5,851388E1
-1,707926E1	5,603055E1
-1,718994E1	5,743613E1
-1,730063E1	5,361613E1
-1,741132E1	4,957473E1
-1,752201E1	4,904197E1
-1,763270E1	4,922246E1
-1,774338E1	4,880324E1
-1,785407E1	4,860786E1
-1,796476E1	5,013278E1
-1,807545E1	5,122785E1
-1,818614E1	4,928273E1
-1,829682E1	4,729667E1
-1,840751E1	4,768258E1
-1,851820E1	4,723118E1
-1,862889E1	4,584861E1
-1,873957E1	4,504025E1
-1,885026E1	4,330429E1
-1,896095E1	4,135000E1
-1,907164E1	4,194668E1
-1,918233E1	4,342221E1
-1,929301E1	4,366278E1
-1,940370E1	4,327752E1
-1,951439E1	4,323145E1
-1,962508E1	4,096557E1
-1,973576E1	3,900870E1
-1,984645E1	3,978028E1
-1,995714E1	4,103090E1
-2,006783E1	4,023617E1
-2,017852E1	3,916940E1
-2,028920E1	3,879969E1
-2,039989E1	3,764902E1
-2,051058E1	3,759411E1
-2,062127E1	3,764261E1
-2,073195E1	3,741219E1
-2,084264E1	3,839222E1
-2,095333E1	3,834549E1
-2,106402E1	3,619244E1
-2,117471E1	3,512490E1
-2,128539E1	3,457825E1
-2,139608E1	3,284185E1
-2,150677E1	3,281335E1
-2,161746E1	3,522886E1
-2,172815E1	4,093092E1
-2,183883E1	4,278075E1
-2,194952E1	4,619919E1
-2,206021E1	6,182125E1
-2,217090E1	7,857676E1
-2,228158E1	9,406756E1
-2,239227E1	1,022861E2
-2,250296E1	1,003219E2
-2,261365E1	1,002588E2
-2,272434E1	1,029904E2
-2,283502E1	1,035816E2
-2,294571E1	1,026227E2
-2,305640E1	1,020442E2
-2,316709E1	9,888642E1
-2,327777E1	9,766857E1
-2,338846E1	1,001463E2
-2,349915E1	1,006375E2
-2,360984E1	9,927820E1
-2,372053E1	9,943434E1
-2,383121E1	1,002639E2
-2,394190E1	9,946188E1
-2,405259E1	9,667570E1
-2,416328E1	9,376600E1
-2,427396E1	9,261358E1
-2,438465E1	9,442486E1
-2,449534E1	9,600282E1
-2,460603E1	9,678896E1
-2,471672E1	9,909206E1
-2,482740E1	9,927052E1
-2,493809E1	9,789902E1
-2,504878E1	9,112139E1
-2,515947E1	8,584517E1
-2,527016E1	8,537923E1
-2,538084E1	8,739312E1
-2,549153E1	9,308387E1
-2,560222E1	9,637742E1
-2,571291E1	9,833211E1
-2,582359E1	9,463609E1
-2,593428E1	8,860307E1
-2,604497E1	7,895248E1
-2,615566E1	7,270265E1
-2,626635E1	7,275834E1
-2,637703E1	7,254068E1
-2,648772E1	7,349570E1
-2,659841E1	7,142332E1
-2,670910E1	6,921207E1
-2,681978E1	6,801625E1
-2,693047E1	6,508211E1
-2,704116E1	6,125552E1
-2,715185E1	5,876967E1
-2,726254E1	5,834617E1
-2,737322E1	5,869589E1
-2,748391E1	5,579761E1
-2,759460E1	5,284348E1
-2,770529E1	5,220630E1
-2,781597E1	5,267339E1
-2,792666E1	5,234001E1
-2,803735E1	4,933551E1
-2,814804E1	4,691821E1
-2,825873E1	4,704353E1
-2,836941E1	4,664422E1
-2,848010E1	4,549113E1
-2,859079E1	4,417801E1
-2,870148E1	4,136728E1
-2,881217E1	3,656244E1
-2,892285E1	3,302070E1
-2,903354E1	3,196496E1
-2,914423E1	3,201940E1
-2,925492E1	3,055937E1
-2,936560E1	2,958173E1
-2,947629E1	2,909125E1
-2,958698E1	2,943202E1
-2,969767E1	2,793821E1
-2,980836E1	2,713290E1
-2,991904E1	2,856220E1
-3,002973E1	2,777207E1
-3,014042E1	2,769389E1
-3,025111E1	2,822524E1
-3,036179E1	2,818316E1
-3,047248E1	2,794281E1
-3,058317E1	3,004824E1
-3,069386E1	3,166746E1
-3,080455E1	3,369679E1
-3,091523E1	3,622934E1
-3,102592E1	3,769067E1
-3,113661E1	3,899800E1
-3,124730E1	3,864268E1
-3,135798E1	3,843278E1
-3,146867E1	4,088019E1
-3,157936E1	5,093432E1
-3,169005E1	6,274890E1
-3,180074E1	6,122604E1
-3,191142E1	6,290958E1
-3,202211E1	6,408628E1
-3,213280E1	6,759589E1
-3,224349E1	7,386101E1
-3,235418E1	7,774776E1
-3,246486E1	7,711559E1
-3,257555E1	7,013814E1
-3,268624E1	6,922443E1
-3,279693E1	7,546686E1
-3,290761E1	8,080413E1
-3,301830E1	8,208713E1
-3,312899E1	8,178045E1
-3,323968E1	8,031763E1
-3,335037E1	8,361051E1
-3,346105E1	9,084871E1
-3,357174E1	9,183834E1
-3,368243E1	8,713624E1
-3,379312E1	8,270126E1
-3,390380E1	8,542971E1
-3,401449E1	8,755883E1
-3,412518E1	8,681331E1
-3,423587E1	8,573272E1
-3,434656E1	8,028769E1
-3,445724E1	7,758157E1
-3,456793E1	7,989331E1
-3,467862E1	8,542877E1
-3,478931E1	8,392112E1
-3,490000E1	8,392083E1
-3,501068E1	9,180619E1
-3,512137E1	9,942329E1
-3,523206E1	1,005939E2
-3,534275E1	1,003506E2
-3,545343E1	9,823008E1
-3,556412E1	9,383125E1
-3,567481E1	9,419383E1
-3,578550E1	9,361369E1
-3,589619E1	9,468307E1
-3,600687E1	9,462950E1
-3,611756E1	8,545888E1
-3,622825E1	7,240899E1
-3,633894E1	5,462765E1
-3,644962E1	4,217610E1
-3,656031E1	2,837091E1
-3,667100E1	1,732213E1
-3,678169E1	1,377077E1
-3,689238E1	1,303126E1
-3,700306E1	1,142028E1
-3,711375E1	8,111174E0
-3,722444E1	8,417339E0
-3,733513E1	1,102651E1
-3,744581E1	1,094767E1
-3,755650E1	8,468125E0
-3,766719E1	9,185620E0
-3,777788E1	9,917188E0
-3,788857E1	7,315387E0
-3,799925E1	7,544195E0
-3,810994E1	8,500650E0
-3,822063E1	8,850136E0
-3,833132E1	7,968264E0
-3,844201E1	8,260928E0
-3,855269E1	9,274649E0
-3,866338E1	9,082589E0
-3,877407E1	8,141093E0
-3,888476E1	7,624952E0
-3,899544E1	8,114620E0
-3,910613E1	9,054535E0
-3,921682E1	8,275922E0
-3,932751E1	7,846062E0
-3,943820E1	7,805000E0
-3,954888E1	7,653548E0
-3,965957E1	7,704290E0
-3,977026E1	8,664233E0
-3,988095E1	7,917818E0
-3,999163E1	8,561738E0
-4,010232E1	7,738159E0
-4,021301E1	7,564973E0
-4,032370E1	6,842780E0
-4,043439E1	7,022711E0
-4,054507E1	8,223562E0
-4,065576E1	8,355030E0
-4,076645E1	7,043892E0
-4,087714E1	6,291430E0
-4,098782E1	7,129887E0
-4,109851E1	7,771263E0
-4,120920E1	7,343699E0
-4,131989E1	6,446414E0
-4,143058E1	6,050706E0
-4,154126E1	6,942465E0
-4,165195E1	8,821725E0
-4,176264E1	1,231475E1
-4,187333E1	1,792894E1
-4,198402E1	2,560298E1
-4,209470E1	3,592474E1
-4,220539E1	4,687327E1
-4,231608E1	5,605333E1
-4,242677E1	6,566236E1
-4,253745E1	6,505761E1
-4,264814E1	6,161426E1
-4,275883E1	5,671779E1
-4,286952E1	5,364927E1
-4,298021E1	5,452557E1
-4,309089E1	5,494931E1
-4,320158E1	5,297063E1
-4,331227E1	4,534884E1
-4,342296E1	4,294462E1
-4,353364E1	4,205763E1
-4,364433E1	3,481669E1
-4,375502E1	2,698203E1
-4,386571E1	2,302798E1
-4,397640E1	2,023065E1
-4,408708E1	1,953928E1
-4,419777E1	1,917847E1
-4,430846E1	1,916438E1
-4,441915E1	1,827652E1
-4,452983E1	1,646993E1
-4,464052E1	1,582757E1
-4,475121E1	1,740386E1
-4,486190E1	1,966339E1
-4,497259E1	2,167736E1
-4,508327E1	1,866735E1
-4,519396E1	1,837244E1
-4,530465E1	1,927403E1
-4,541534E1	2,175586E1
-4,552603E1	2,846509E1
-4,563671E1	3,490252E1
-4,574740E1	3,840399E1
-4,585809E1	4,150892E1
-4,596878E1	4,726220E1
-4,607946E1	4,688154E1
-4,619015E1	4,661283E1
-4,630084E1	5,026536E1
-4,641153E1	5,182173E1
-4,652222E1	5,089154E1
-4,663290E1	5,346467E1
-4,674359E1	5,884392E1
-4,685428E1	5,965421E1
-4,696497E1	6,097959E1
-4,707565E1	6,648389E1
-4,718634E1	6,752454E1
-4,729703E1	6,582276E1
-4,740772E1	6,365588E1
-4,751841E1	6,819165E1
-4,762909E1	7,283625E1
-4,773978E1	7,508591E1
-4,785047E1	7,302950E1
-4,796116E1	7,437978E1
-4,807184E1	7,726906E1
-4,818253E1	7,408681E1
-4,829322E1	6,927643E1
-4,840391E1	6,915994E1
-4,851460E1	6,944599E1
-4,862528E1	7,087369E1
-4,873597E1	7,296170E1
-4,884666E1	7,372411E1
-4,895735E1	7,304083E1
-4,906804E1	7,306807E1
-4,917872E1	7,459242E1
-4,928941E1	7,638472E1
-4,940010E1	7,732258E1
-4,951079E1	8,058857E1
-4,962147E1	8,118716E1
-4,973216E1	8,051279E1
-4,984285E1	7,912674E1
-4,995354E1	7,671295E1
-5,006423E1	7,508209E1
-5,017491E1	7,527035E1
-5,028560E1	7,452340E1
-5,039629E1	7,569905E1
-5,050698E1	7,683424E1
-5,061766E1	7,677575E1
-5,072835E1	7,708911E1
-5,083904E1	7,774521E1
-5,094973E1	7,771649E1
-5,106042E1	7,859065E1
-5,117110E1	7,968256E1
-5,128179E1	7,991872E1
-5,139248E1	7,995244E1
-5,150317E1	7,933879E1
-5,161385E1	7,615731E1
-5,172454E1	7,156974E1
-5,183523E1	6,820679E1
-5,194592E1	6,740938E1
-5,205661E1	6,765116E1
-5,216729E1	6,736691E1
-5,227798E1	7,164192E1
-5,238867E1	7,839506E1
-5,249936E1	7,868821E1
-5,261005E1	7,267070E1
-5,272073E1	6,718462E1
-5,283142E1	6,510622E1
-5,294211E1	6,676767E1
-5,305280E1	6,819055E1
-5,316348E1	6,668087E1
-5,327417E1	6,763243E1
-5,338486E1	7,110082E1
-5,349555E1	7,101571E1
-5,360624E1	6,853292E1
-5,371692E1	6,813764E1
-5,382761E1	6,952886E1
-5,393830E1	6,785934E1
-5,404899E1	6,604346E1
-5,415967E1	6,309552E1
-5,427036E1	5,939735E1
-5,438105E1	5,831362E1
-5,449174E1	5,899799E1
-5,460243E1	5,872361E1
-5,471311E1	5,553865E1
-5,482380E1	5,024698E1
-5,493449E1	4,898603E1
-5,504518E1	5,005827E1
-5,515587E1	4,853480E1
-5,526655E1	4,555262E1
-5,537724E1	4,245958E1
-5,548793E1	3,990686E1
-5,559862E1	3,947635E1
-5,570930E1	3,554255E1
-5,581999E1	2,913528E1
-5,593068E1	2,564761E1
-5,604137E1	2,465329E1
-5,615206E1	2,386983E1
-5,626274E1	2,208756E1
-5,637343E1	1,973803E1
-5,648412E1	1,715380E1
-5,659481E1	1,419363E1
-5,670549E1	1,271753E1
-5,681618E1	1,229206E1
-5,692687E1	1,101943E1
-5,703756E1	1,085723E1
-5,714825E1	1,156272E1
-5,725893E1	1,204136E1
-5,736962E1	1,118119E1
-5,748031E1	1,092609E1
-5,759100E1	1,200591E1
-5,770168E1	1,233053E1
-5,781237E1	1,351400E1
-5,792306E1	1,703903E1
-5,803375E1	1,982352E1
-5,814444E1	1,998671E1
-5,825512E1	1,935094E1
-5,836581E1	1,929375E1
-5,847650E1	2,117406E1
-5,858719E1	2,454068E1
-5,869788E1	2,730859E1
-5,880856E1	3,119160E1
-5,891925E1	3,654993E1
-5,902994E1	4,050202E1
-5,914063E1	4,081387E1
-5,925131E1	4,158698E1
-5,936200E1	4,490919E1
-5,947269E1	4,750279E1
-5,958338E1	5,040203E1
-5,969407E1	5,519342E1
-5,980475E1	5,871158E1
-5,991544E1	5,757644E1
-6,002613E1	5,627365E1
-6,013682E1	5,556075E1
-6,024750E1	5,565145E1
-6,035819E1	5,912223E1
-6,046888E1	6,168226E1
-6,057957E1	6,424299E1
-6,069026E1	6,875469E1
-6,080094E1	7,251397E1
-6,091163E1	7,176677E1
-6,102232E1	7,018011E1
-6,113301E1	7,147125E1
-6,124369E1	7,299907E1
-6,135438E1	7,093176E1
-6,146507E1	6,832693E1
-6,157576E1	6,780899E1
-6,168645E1	6,696279E1
-6,179713E1	6,531146E1
-6,190782E1	6,627221E1
-6,201851E1	6,829321E1
-6,212920E1	6,936173E1
-6,223989E1	7,209408E1
-6,235057E1	7,423464E1
-6,246126E1	7,529165E1
-6,257195E1	7,555959E1
-6,268264E1	7,592527E1
-6,279332E1	7,649585E1
-6,290401E1	7,577085E1
-6,301470E1	7,307406E1
-6,312539E1	7,281538E1
-6,323608E1	7,291639E1
-6,334676E1	6,963642E1
-6,345745E1	6,518899E1
-6,356814E1	6,364600E1
-6,367883E1	6,308842E1
-6,378951E1	6,260067E1
-6,390020E1	6,290174E1
-6,401089E1	6,425838E1
-6,412158E1	6,589563E1
-6,423227E1	6,613056E1
-6,434295E1	6,688165E1
-6,445364E1	6,932563E1
-6,456433E1	6,938781E1
-6,467502E1	6,636992E1
-6,478570E1	6,877450E1
-6,489639E1	6,986106E1
-6,500708E1	6,924234E1
-6,511777E1	6,905971E1
-6,522846E1	6,875518E1
-6,533914E1	6,857381E1
-6,544983E1	6,929543E1
-6,556052E1	7,004295E1
-6,567121E1	6,663058E1
-6,578190E1	6,318689E1
-6,589258E1	6,049246E1
-6,600327E1	5,798215E1
-6,611396E1	5,387139E1
-6,622465E1	5,243629E1
-6,633533E1	4,696446E1
-6,644602E1	4,508283E1
-6,655671E1	4,072818E1
-6,666740E1	3,759611E1
-6,677809E1	3,724381E1
-6,688877E1	3,670504E1
-6,699946E1	3,590578E1
-6,711015E1	3,492260E1
-6,722084E1	3,444934E1
-6,733152E1	3,290581E1
-6,744221E1	3,035404E1
-6,755290E1	2,861030E1
-6,766359E1	2,756676E1
-6,777428E1	2,689618E1
-6,788496E1	2,649380E1
-6,799565E1	2,728670E1
-6,810634E1	2,758272E1
-6,821703E1	2,232067E1
-6,832771E1	1,956269E1
-6,843840E1	1,805174E1
-6,854909E1	1,824144E1
-6,865978E1	1,852310E1
-6,877047E1	1,613240E1
-6,888115E1	1,289042E1
-6,899184E1	1,075350E1
-6,910253E1	1,033854E1
-6,921322E1	9,909296E0
-6,932391E1	9,361828E0
-6,943459E1	8,209510E0
-6,954528E1	7,442036E0
-6,965597E1	6,933242E0
-6,976666E1	7,310000E0
-6,987734E1	6,978543E0
-6,998803E1	5,507037E0
-7,009872E1	4,720966E0
-7,020941E1	4,932275E0
-7,032010E1	5,504995E0
-7,043078E1	5,455051E0
-7,054147E1	5,517426E0
-7,065216E1	6,190219E0
-7,076285E1	6,382639E0
-7,087353E1	3,712000E0
-7,098422E1	3,821343E0
-7,109491E1	4,670780E0
-7,120560E1	6,396119E0
-7,131629E1	6,971406E0
-7,142697E1	8,029733E0
-7,153766E1	9,214838E0
-7,164835E1	9,945093E0
-7,175904E1	1,115142E1
-7,186972E1	1,127628E1
-7,198041E1	9,875054E0
-7,209110E1	9,868428E0
-7,220179E1	1,279953E1
-7,231248E1	1,442545E1
-7,242316E1	1,518814E1
-7,253385E1	1,597095E1
-7,264454E1	1,894575E1
-7,275523E1	1,672783E1
-7,286592E1	1,633188E1
-7,297660E1	1,841244E1
-7,308729E1	2,034514E1
-7,319798E1	2,289860E1
-7,330867E1	2,619772E1
-7,341935E1	3,058723E1
-7,353004E1	3,432070E1
-7,364073E1	3,734804E1
-7,375142E1	3,757654E1
-7,386211E1	3,524968E1
-7,397279E1	3,610767E1
-7,408348E1	3,938866E1
-7,419417E1	4,359710E1
-7,430486E1	4,687575E1
-7,441554E1	4,780085E1
-7,452623E1	5,066393E1
-7,463692E1	5,299280E1
-7,474761E1	5,568121E1
-7,485830E1	5,811096E1
-7,496898E1	6,049979E1
-7,507967E1	6,067543E1
-7,519036E1	5,978842E1
-7,530105E1	6,236436E1
-7,541174E1	6,403913E1
-7,552242E1	6,144691E1
-7,563311E1	5,922310E1
-7,574380E1	6,214791E1
-7,585449E1	6,692136E1
-7,596517E1	6,970736E1
-7,607586E1	6,948574E1
-7,618655E1	6,934635E1
-7,629724E1	7,261928E1
-7,640793E1	7,588879E1
-7,651861E1	7,454403E1
-7,662930E1	7,799938E1
-7,673999E1	8,016117E1
-7,685068E1	7,758818E1
-7,696136E1	7,665740E1
-7,707205E1	7,527891E1
-7,718274E1	7,362718E1
-7,729343E1	7,490911E1
-7,740412E1	7,740265E1
-7,751480E1	7,405534E1
-7,762549E1	7,011252E1
-7,773618E1	7,322620E1
-7,784687E1	7,971864E1
-7,795755E1	7,415125E1
-7,806824E1	7,392203E1
-7,817893E1	7,541873E1
-7,828962E1	7,773757E1
-7,840031E1	7,916585E1
-7,851099E1	7,907695E1
-7,862168E1	7,873534E1
-7,873237E1	7,899646E1
-7,884306E1	8,000923E1
-7,895375E1	7,928350E1
-7,906443E1	8,586766E1
-7,917512E1	8,402481E1
-7,928581E1	7,914800E1
-7,939650E1	8,296957E1
-7,950718E1	8,147224E1
-7,961787E1	7,352115E1
-7,972856E1	7,733713E1
-7,983925E1	7,684029E1
-7,994994E1	7,605331E1
-8,006062E1	7,557874E1
-8,017131E1	7,306671E1
-8,028200E1	7,147149E1
-8,039269E1	7,243934E1
-8,050337E1	7,485231E1
-8,061406E1	7,773231E1
-8,072475E1	8,601239E1
-8,083544E1	8,939882E1
-8,094613E1	8,408893E1
-8,105681E1	7,877295E1
-8,116750E1	7,473433E1
-8,127819E1	7,177585E1
-8,138888E1	7,203933E1
-8,149956E1	7,562928E1
-8,161025E1	7,695960E1
-8,172094E1	7,624419E1
-8,183163E1	7,319230E1
-8,194232E1	6,993672E1
-8,205300E1	7,032895E1
-8,216369E1	7,050068E1
-8,227438E1	7,013826E1
-8,238507E1	6,757397E1
-8,249576E1	5,886518E1
-8,260644E1	4,863540E1
-8,271713E1	4,215966E1
-8,282782E1	4,183939E1
-8,293851E1	4,457164E1
-8,304919E1	4,293599E1
-8,315988E1	4,070065E1
-8,327057E1	3,414746E1
-8,338126E1	2,932837E1
-8,349195E1	2,394363E1
-8,360263E1	1,987488E1
-8,371332E1	1,776290E1
-8,382401E1	1,701446E1
-8,393470E1	1,602580E1
-8,404538E1	1,613747E1
-8,415607E1	1,491509E1
-8,426676E1	1,362001E1
-8,437745E1	1,252051E1
-8,448814E1	1,245569E1
-8,459882E1	1,250494E1
-8,470951E1	1,187391E1
-8,482020E1	1,133288E1
-8,493089E1	1,235613E1
-8,504157E1	1,571575E1
-8,515226E1	1,617169E1
-8,526295E1	1,649279E1
-8,537364E1	1,837689E1
-8,548433E1	1,984976E1
-8,559501E1	2,253095E1
-8,570570E1	2,650100E1
-8,581639E1	3,095165E1
-8,592708E1	3,193663E1
-8,603777E1	4,200143E1
-8,614845E1	4,897170E1
-8,625914E1	4,987304E1
-8,636983E1	5,568225E1
-8,648052E1	6,054084E1
-8,659120E1	5,956595E1
-8,670189E1	6,283908E1
-8,681258E1	6,619985E1
-8,692327E1	6,456664E1
-8,703396E1	6,051957E1
-8,714464E1	5,655339E1
-8,725533E1	5,945977E1
-8,736602E1	6,838639E1
-8,747671E1	7,400816E1
-8,758739E1	7,423803E1
-8,769808E1	7,572258E1
-8,780877E1	7,909019E1
-8,791946E1	7,787946E1
-8,803015E1	7,218915E1
-8,814083E1	6,821180E1
-8,825152E1	7,040723E1
-8,836221E1	7,561534E1
-8,847290E1	7,841311E1
-8,858358E1	8,068369E1
-8,869427E1	8,068376E1
-8,880496E1	7,946119E1
-8,891565E1	7,814482E1
-8,902634E1	7,611796E1
-8,913702E1	7,281224E1
-8,924771E1	7,106102E1
-8,935840E1	7,313679E1
-8,946909E1	7,373555E1
-8,957978E1	7,607498E1
-8,969046E1	7,927626E1
-8,980115E1	8,089126E1
-8,991184E1	8,147357E1
-9,002253E1	8,283068E1
-9,013321E1	8,476520E1
-9,024390E1	8,583821E1
-9,035459E1	8,676105E1
-9,046528E1	8,512924E1
-9,057597E1	8,239338E1
-9,068665E1	7,985175E1
-9,079734E1	7,801727E1
-9,090803E1	7,769302E1
-9,101872E1	7,927252E1
-9,112940E1	8,106380E1
-9,124009E1	8,026601E1
-9,135078E1	8,022777E1
-9,146147E1	8,075520E1
-9,157216E1	7,809706E1
-9,168284E1	7,319248E1
-9,179353E1	7,360713E1
-9,190422E1	7,485713E1
-9,201491E1	7,055770E1
-9,212559E1	7,047287E1
-9,223628E1	7,171245E1
-9,234697E1	7,306035E1
-9,245766E1	7,415955E1
-9,256835E1	7,190922E1
-9,267903E1	7,009151E1
-9,278972E1	7,083408E1
-9,290041E1	6,963232E1
-9,301110E1	6,797532E1
-9,312179E1	6,985498E1
-9,323247E1	6,862342E1
-9,334316E1	5,948978E1
-9,345385E1	5,169343E1
-9,356454E1	5,068325E1
-9,367522E1	4,977184E1
-9,378591E1	4,799608E1
-9,389660E1	4,516088E1
-9,400729E1	4,411798E1
-9,411798E1	4,201516E1
-9,422866E1	3,904108E1
-9,433935E1	3,779196E1
-9,445004E1	3,827930E1
-9,456073E1	3,685513E1
-9,467141E1	3,422098E1
-9,478210E1	3,474944E1
-9,489279E1	3,425251E1
-9,500348E1	3,249876E1
-9,511417E1	3,248427E1
-9,522485E1	3,344891E1
-9,533554E1	3,354107E1
-9,544623E1	3,235464E1
-9,555692E1	3,152392E1
-9,566761E1	3,287941E1
-9,577829E1	3,393122E1
-9,588898E1	3,306726E1
-9,599967E1	3,141179E1
-9,611036E1	3,005729E1
-9,622104E1	2,708262E1
-9,633173E1	2,213623E1
-9,644242E1	1,780213E1
-9,655311E1	1,470082E1
-9,666380E1	1,207100E1
-9,677448E1	1,173728E1
-9,688517E1	1,095153E1
-9,699586E1	8,789927E0
-9,710655E1	8,451495E0
-9,721723E1	7,138028E0
-9,732792E1	4,554078E0
-9,743861E1	4,351217E0
-9,754930E1	3,682371E0
-9,765999E1	2,004460E0
-9,777067E1	1,736231E0
-9,788136E1	2,588193E0
-9,799205E1	3,462623E0
-9,810274E1	3,352577E0
-9,821342E1	2,419179E0
-9,832411E1	8,442798E-1
-9,843480E1	1,151814E0
-9,854549E1	2,000000E0
-9,865618E1	8,580153E-1
-9,876686E1	0,000000E0
-9,887755E1	1,132156E0
-9,898824E1	2,233738E0
-9,909893E1	1,651617E0
-9,920962E1	1,558706E0
-9,932030E1	2,000000E0
-9,943099E1	2,000000E0
-9,954168E1	2,000000E0
-9,965237E1	2,000000E0
-9,976305E1	2,046074E0
-9,987374E1	2,562317E0
-9,998443E1	2,956680E0
-1,000951E2	1,941236E0
-1,002058E2	1,618175E0
-1,003165E2	2,000000E0
-1,004272E2	2,000000E0
-1,005379E2	2,167887E0
-1,006486E2	3,056777E0
-1,007592E2	4,691917E0
-1,008699E2	6,230904E0
-1,009806E2	8,010781E0
-1,010913E2	9,315324E0
-1,012020E2	9,724903E0
-1,013127E2	1,147232E1
-1,014234E2	1,392346E1
-1,015341E2	1,494546E1
-1,016447E2	1,378918E1
-1,017554E2	1,221119E1
-1,018661E2	1,162605E1
-1,019768E2	1,179136E1
-1,020875E2	1,232029E1
-1,021982E2	1,457429E1
-1,023089E2	1,742953E1
-1,024196E2	1,806774E1
-1,025302E2	1,887371E1
-1,026409E2	1,961652E1
-1,027516E2	2,118123E1
-1,028623E2	2,371270E1
-1,029730E2	2,234779E1
-1,030837E2	2,152904E1
-1,031944E2	2,472598E1
-1,033051E2	2,576441E1
-1,034158E2	2,468391E1
-1,035264E2	2,610946E1
-1,036371E2	3,124012E1
-1,037478E2	3,690760E1
-1,038585E2	3,972578E1
-1,039692E2	3,942824E1
-1,040799E2	3,767022E1
-1,041906E2	3,763304E1
-1,043013E2	3,775079E1
-1,044119E2	3,575436E1
-1,045226E2	3,309018E1
-1,046333E2	3,363967E1
-1,047440E2	3,638049E1
-1,048547E2	3,684956E1
-1,049654E2	3,806953E1
-1,050761E2	4,275097E1
-1,051868E2	4,668319E1
-1,052974E2	4,703459E1
-1,054081E2	4,612089E1
-1,055188E2	4,602343E1
-1,056295E2	4,592372E1
-1,057402E2	4,393901E1
-1,058509E2	4,109017E1
-1,059616E2	3,872847E1
-1,060723E2	3,842389E1
-1,061829E2	3,887677E1
-1,062936E2	3,837465E1
-1,064043E2	3,770204E1
-1,065150E2	3,870873E1
-1,066257E2	3,925576E1
-1,067364E2	3,910135E1
-1,068471E2	4,133829E1
-1,069578E2	4,189189E1
-1,070684E2	3,907880E1
-1,071791E2	3,835705E1
-1,072898E2	3,947401E1
-1,074005E2	3,896301E1
-1,075112E2	3,976509E1
-1,076219E2	4,227999E1
-1,077326E2	4,462488E1
-1,078433E2	4,457974E1
-1,079540E2	4,321804E1
-1,080646E2	4,090314E1
-1,081753E2	3,774458E1
-1,082860E2	3,644604E1
-1,083967E2	3,630072E1
-1,085074E2	3,497401E1
-1,086181E2	3,181820E1
-1,087288E2	3,025985E1
-1,088395E2	2,944451E1
-1,089501E2	2,889895E1
-1,090608E2	2,919904E1
-1,091715E2	3,077803E1
-1,092822E2	3,192368E1
-1,093929E2	3,238536E1
-1,095036E2	3,282600E1
-1,096143E2	3,123708E1
-1,097250E2	2,868017E1
-1,098356E2	2,656205E1
-1,099463E2	2,460476E1
-1,100570E2	2,597177E1
-1,101677E2	2,555578E1
-1,102784E2	2,454702E1
-1,103891E2	2,199300E1
-1,104998E2	1,945096E1
-1,106105E2	1,583750E1
-1,107211E2	1,149044E1
-1,108318E2	1,166753E1
-1,109425E2	9,299342E0
-1,110532E2	7,552399E0
-1,111639E2	6,556485E0
-1,112746E2	5,921463E0
-1,113853E2	5,851058E0
-1,114960E2	5,081556E0
-1,116067E2	4,878313E0
-1,117173E2	3,964958E0
-1,118280E2	1,565493E0
-1,119387E2	1,386178E0
-1,120494E2	2,302089E0
-1,121601E2	2,728792E0
-1,122708E2	2,000000E0
-1,123815E2	2,266293E0
-1,124922E2	3,257080E0
-1,126028E2	4,488975E0
-1,127135E2	5,771180E0
-1,128242E2	5,337624E0
-1,129349E2	4,887502E0
-1,130456E2	5,978748E0
-1,131563E2	7,681100E0
-1,132670E2	7,668556E0
-1,133777E2	7,457663E0
-1,134883E2	8,228609E0
-1,135990E2	1,214052E1
-1,137097E2	1,619975E1
-1,138204E2	1,857875E1
-1,139311E2	1,943334E1
-1,140418E2	2,147526E1
-1,141525E2	2,487460E1
-1,142632E2	2,799297E1
-1,143738E2	3,140584E1
-1,144845E2	3,613338E1
-1,145952E2	3,804386E1
-1,147059E2	3,643468E1
-1,148166E2	3,314976E1
-1,149273E2	3,087489E1
-1,150380E2	3,370252E1
-1,151487E2	3,868945E1
-1,152593E2	4,149549E1
-1,153700E2	4,794607E1
-1,154807E2	5,470582E1
-1,155914E2	5,783032E1
-1,157021E2	5,648905E1
-1,158128E2	5,815688E1
-1,159235E2	6,041772E1
-1,160342E2	6,089869E1
-1,161449E2	6,219694E1
-1,162555E2	5,891457E1
-1,163662E2	5,704562E1
-1,164769E2	5,201242E1
-1,165876E2	5,187026E1
-1,166983E2	5,534028E1
-1,168090E2	5,496769E1
-1,169197E2	5,550795E1
-1,170304E2	5,562295E1
-1,171410E2	5,636899E1
-1,172517E2	5,880427E1
-1,173624E2	6,185967E1
-1,174731E2	6,207001E1
-1,175838E2	6,121730E1
-1,176945E2	5,875064E1
-1,178052E2	5,760457E1
-1,179159E2	5,874659E1
-1,180265E2	6,210320E1
-1,181372E2	6,514583E1
-1,182479E2	6,813519E1
-1,183586E2	6,812156E1
-1,184693E2	7,223040E1
-1,185800E2	8,045498E1
-1,186907E2	8,217392E1
-1,188014E2	8,038041E1
-1,189120E2	8,114213E1
-1,190227E2	8,290877E1
-1,191334E2	8,189823E1
-1,192441E2	7,787883E1
-1,193548E2	7,626508E1
-1,194655E2	7,409241E1
-1,195762E2	6,929704E1
-1,196869E2	7,190588E1
-1,197975E2	6,623785E1
-1,199082E2	6,429481E1
-1,200189E2	6,346491E1
-1,201296E2	6,462112E1
-1,202403E2	6,721083E1
-1,203510E2	6,675459E1
-1,204617E2	6,119853E1
-1,205724E2	6,034647E1
-1,206831E2	5,827374E1
-1,207937E2	5,491200E1
-1,209044E2	5,304064E1
-1,210151E2	5,248916E1
-1,211258E2	5,136476E1
-1,212365E2	5,117885E1
-1,213472E2	5,156110E1
-1,214579E2	4,957601E1
-1,215686E2	5,101659E1
-1,216792E2	5,282175E1
-1,217899E2	5,670670E1
-1,219006E2	5,624514E1
-1,220113E2	5,428622E1
-1,221220E2	5,228504E1
-1,222327E2	4,666512E1
-1,223434E2	4,562363E1
-1,224541E2	4,316736E1
-1,225647E2	4,165366E1
-1,226754E2	3,507023E1
-1,227861E2	2,990576E1
-1,228968E2	2,907429E1
-1,230075E2	2,693835E1
-1,231182E2	2,729652E1
-1,232289E2	2,706989E1
-1,233396E2	2,458049E1
-1,234502E2	2,410437E1
-1,235609E2	2,880698E1
-1,236716E2	3,082309E1
-1,237823E2	2,855242E1
-1,238930E2	2,498330E1
-1,240037E2	2,338617E1
-1,241144E2	1,990648E1
-1,242251E2	1,731164E1
-1,243357E2	1,596311E1
-1,244464E2	1,356003E1
-1,245571E2	1,087853E1
-1,246678E2	1,112253E1
-1,247785E2	1,244303E1
-1,248892E2	1,118302E1
-1,249999E2	1,036215E1
-1,251106E2	8,289669E0
-1,252213E2	7,138274E0
-1,253319E2	5,774623E0
-1,254426E2	4,583949E0
-1,255533E2	2,131455E0
-1,256640E2	2,412723E0
-1,257747E2	3,134257E0
-1,258854E2	3,308858E0
-1,259961E2	3,223561E0
-1,261068E2	2,189362E0
-1,262174E2	1,849989E0
-1,263281E2	1,596354E0
-1,264388E2	1,009303E0
-1,265495E2	1,954223E0
-1,266602E2	2,951766E0
-1,267709E2	1,142499E0
-1,268816E2	9,986729E-1
-1,269923E2	1,000000E0
-1,271029E2	8,261672E-1
-1,272136E2	2,785981E-1
-1,273243E2	3,277404E-1
-1,274350E2	9,666105E-1
-1,275457E2	1,000000E0
-1,276564E2	1,929650E0
-1,277671E2	1,072807E0
-1,278778E2	1,000000E0
-1,279884E2	1,000000E0
-1,280991E2	1,000000E0
-1,282098E2	1,000000E0
-1,283205E2	8,509314E-2
-1,284312E2	9,396921E-1
-1,285419E2	1,008108E0
-1,286526E2	1,150333E0
-1,287633E2	1,930387E0
-1,288739E2	2,273424E0
-1,289846E2	1,812288E0
-1,290953E2	1,498740E0
-1,292060E2	1,517774E0
-1,293167E2	1,587921E0
-1,294274E2	1,114127E0
-1,295381E2	1,458056E0
-1,296488E2	2,107523E0
-1,297595E2	2,014319E0
-1,298701E2	2,827335E0
-1,299808E2	2,997968E0
-1,300915E2	2,193498E0
-1,302022E2	1,273502E0
-1,303129E2	2,770870E0
-1,304236E2	3,621865E0
-1,305343E2	4,041872E0
-1,306450E2	5,208431E0
-1,307556E2	6,655950E0
-1,308663E2	6,826053E0
-1,309770E2	5,765605E0
-1,310877E2	5,983412E0
-1,311984E2	2,988863E0
-1,313091E2	3,955655E0
-1,314198E2	5,630398E0
-1,315305E2	6,235477E0
-1,316411E2	4,911847E0
-1,317518E2	7,217231E0
-1,318625E2	8,407331E0
-1,319732E2	7,517232E0
-1,320839E2	5,553206E0
-1,321946E2	4,459039E0
-1,323053E2	4,893295E0
-1,324160E2	6,290326E0
-1,325266E2	7,429917E0
-1,326373E2	6,885470E0
-1,327480E2	7,180279E0
-1,328587E2	7,857369E0
-1,329694E2	9,546454E0
-1,330801E2	1,070708E1
-1,331908E2	1,079000E1
-1,333015E2	1,057185E1
-1,334121E2	1,049929E1
-1,335228E2	1,038829E1
-1,336335E2	1,104599E1
-1,337442E2	1,095566E1
-1,338549E2	9,685149E0
-1,339656E2	9,602008E0
-1,340763E2	9,339939E0
-1,341870E2	8,536898E0
-1,342977E2	8,799321E0
-1,344083E2	1,011601E1
-1,345190E2	1,096774E1
-1,346297E2	1,103559E1
-1,347404E2	1,274929E1
-1,348511E2	1,360192E1
-1,349618E2	1,366064E1
-1,350725E2	1,291960E1
-1,351832E2	1,226128E1
-1,352938E2	1,171504E1
-1,354045E2	1,031455E1
-1,355152E2	9,052281E0
-1,356259E2	9,346415E0
-1,357366E2	8,373579E0
-1,358473E2	6,792729E0
-1,359580E2	6,233577E0
-1,360687E2	6,196759E0
-1,361793E2	6,872044E0
-1,362900E2	7,604646E0
-1,364007E2	7,815522E0
-1,365114E2	7,107359E0
-1,366221E2	6,853128E0
-1,367328E2	7,601486E0
-1,368435E2	7,893532E0
-1,369542E2	7,190493E0
-1,370648E2	6,933937E0
-1,371755E2	7,763165E0
-1,372862E2	8,564174E0
-1,373969E2	8,074085E0
-1,375076E2	6,666962E0
-1,376183E2	4,821775E0
-1,377290E2	4,691538E0
-1,378397E2	4,785418E0
-1,379504E2	4,871350E0
-1,380610E2	4,270929E0
-1,381717E2	3,837263E0
-1,382824E2	3,378290E0
-1,383931E2	4,444209E0
-1,385038E2	4,504041E0
-1,386145E2	2,456070E0
-1,387252E2	1,286452E0
-1,388359E2	2,217240E0
-1,389465E2	3,127798E0
-1,390572E2	2,748357E0
-1,391679E2	1,450019E0
-1,392786E2	1,000000E0
-1,393893E2	1,023205E0
-1,395000E2	1,645363E0
-1,396107E2	1,905652E0
-1,397214E2	1,285840E0
-1,398320E2	1,000000E0
-1,399427E2	5,439385E-1
-1,400534E2	7,841931E-1
-1,401641E2	1,000000E0
-1,402748E2	1,000000E0
-1,403855E2	3,529333E-1
-1,404962E2	6,446095E-1
-1,406069E2	1,642152E0
-1,407175E2	2,000000E0
-1,408282E2	1,362762E0
-1,409389E2	1,000000E0
-1,410496E2	3,676768E-1
-1,411603E2	0,000000E0
-1,412710E2	0,000000E0
-1,413817E2	6,249515E-1
-1,414924E2	1,622494E0
-1,416030E2	2,000000E0
-1,417137E2	1,644449E0
-1,418244E2	5,757817E-1
-1,419351E2	9,584696E-1
-1,420458E2	2,245322E0
-1,421565E2	2,097510E0
-1,422672E2	1,170114E0
-1,423779E2	9,350351E-1
-1,424886E2	1,000000E0
-1,425992E2	1,006341E0
-1,427099E2	1,610274E0
-1,428206E2	2,593007E0
-1,429313E2	3,000000E0
-1,430420E2	2,411907E0
-1,431527E2	1,442149E0
-1,432634E2	2,046747E0
-1,433741E2	3,568029E0
-1,434847E2	5,240209E0
