1,696287E1	0,000000E0
1,694826E1	0,000000E0
1,693364E1	0,000000E0
1,691902E1	0,000000E0
1,690441E1	0,000000E0
1,688979E1	0,000000E0
1,687517E1	0,000000E0
1,686056E1	0,000000E0
1,684594E1	0,000000E0
1,683132E1	0,000000E0
1,681670E1	0,000000E0
1,680209E1	0,000000E0
1,678747E1	0,000000E0
1,677285E1	0,000000E0
1,675824E1	0,000000E0
1,674362E1	0,000000E0
1,672900E1	0,000000E0
1,671439E1	0,000000E0
1,669977E1	0,000000E0
1,668515E1	0,000000E0
1,667054E1	0,000000E0
1,665592E1	0,000000E0
1,664130E1	0,000000E0
1,662669E1	0,000000E0
1,661207E1	0,000000E0
1,659745E1	0,000000E0
1,658284E1	0,000000E0
1,656822E1	0,000000E0
1,655360E1	0,000000E0
1,653898E1	0,000000E0
1,652437E1	0,000000E0
1,650975E1	0,000000E0
1,649513E1	0,000000E0
1,648052E1	0,000000E0
1,646590E1	0,000000E0
1,645128E1	0,000000E0
1,643667E1	0,000000E0
1,642205E1	0,000000E0
1,640743E1	0,000000E0
1,639282E1	0,000000E0
1,637820E1	0,000000E0
1,636358E1	0,000000E0
1,634897E1	0,000000E0
1,633435E1	0,000000E0
1,631973E1	0,000000E0
1,630512E1	0,000000E0
1,629050E1	0,000000E0
1,627588E1	0,000000E0
1,626126E1	0,000000E0
1,624665E1	0,000000E0
1,623203E1	0,000000E0
1,621741E1	0,000000E0
1,620280E1	0,000000E0
1,618818E1	0,000000E0
1,617356E1	0,000000E0
1,615895E1	0,000000E0
1,614433E1	0,000000E0
1,612971E1	0,000000E0
1,611510E1	0,000000E0
1,610048E1	0,000000E0
1,608586E1	0,000000E0
1,607125E1	0,000000E0
1,605663E1	0,000000E0
1,604201E1	0,000000E0
1,602740E1	0,000000E0
1,601278E1	0,000000E0
1,599816E1	0,000000E0
1,598354E1	0,000000E0
1,596893E1	0,000000E0
1,595431E1	0,000000E0
1,593969E1	0,000000E0
1,592508E1	0,000000E0
1,591046E1	0,000000E0
1,589584E1	0,000000E0
1,588123E1	0,000000E0
1,586661E1	0,000000E0
1,585199E1	0,000000E0
1,583738E1	0,000000E0
1,582276E1	0,000000E0
1,580814E1	0,000000E0
1,579353E1	0,000000E0
1,577891E1	0,000000E0
1,576429E1	0,000000E0
1,574968E1	0,000000E0
1,573506E1	0,000000E0
1,572044E1	0,000000E0
1,570582E1	0,000000E0
1,569121E1	0,000000E0
1,567659E1	0,000000E0
1,566197E1	0,000000E0
1,564736E1	0,000000E0
1,563274E1	0,000000E0
1,561812E1	0,000000E0
1,560351E1	0,000000E0
1,558889E1	0,000000E0
1,557427E1	0,000000E0
1,555966E1	0,000000E0
1,554504E1	0,000000E0
1,553042E1	0,000000E0
1,551581E1	0,000000E0
1,550119E1	0,000000E0
1,548657E1	0,000000E0
1,547196E1	0,000000E0
1,545734E1	0,000000E0
1,544272E1	0,000000E0
1,542811E1	0,000000E0
1,541349E1	0,000000E0
1,539887E1	0,000000E0
1,538425E1	0,000000E0
1,536964E1	0,000000E0
1,535502E1	0,000000E0
1,534040E1	0,000000E0
1,532579E1	0,000000E0
1,531117E1	0,000000E0
1,529655E1	0,000000E0
1,528194E1	0,000000E0
1,526732E1	0,000000E0
1,525270E1	0,000000E0
1,523809E1	0,000000E0
1,522347E1	0,000000E0
1,520885E1	0,000000E0
1,519424E1	0,000000E0
1,517962E1	0,000000E0
1,516500E1	0,000000E0
1,515039E1	0,000000E0
1,513577E1	0,000000E0
1,512115E1	0,000000E0
1,510653E1	0,000000E0
1,509192E1	0,000000E0
1,507730E1	0,000000E0
1,506268E1	0,000000E0
1,504807E1	0,000000E0
1,503345E1	0,000000E0
1,501883E1	0,000000E0
1,500422E1	0,000000E0
1,498960E1	0,000000E0
1,497498E1	0,000000E0
1,496037E1	0,000000E0
1,494575E1	0,000000E0
1,493113E1	0,000000E0
1,491652E1	0,000000E0
1,490190E1	0,000000E0
1,488728E1	0,000000E0
1,487267E1	0,000000E0
1,485805E1	0,000000E0
1,484343E1	0,000000E0
1,482881E1	0,000000E0
1,481420E1	0,000000E0
1,479958E1	0,000000E0
1,478496E1	0,000000E0
1,477035E1	0,000000E0
1,475573E1	0,000000E0
1,474111E1	0,000000E0
1,472650E1	0,000000E0
1,471188E1	0,000000E0
1,469726E1	0,000000E0
1,468265E1	4,769598E-1
1,466803E1	1,000000E0
1,465341E1	1,000000E0
1,463880E1	1,000000E0
1,462418E1	1,000000E0
1,460956E1	1,000000E0
1,459495E1	1,000000E0
1,458033E1	1,000000E0
1,456571E1	1,000000E0
1,455109E1	5,458301E-1
1,453648E1	2,870107E-2
1,452186E1	5,549503E-2
1,450724E1	1,613762E-1
1,449263E1	1,116698E-1
1,447801E1	0,000000E0
1,446339E1	3,156113E-1
1,444878E1	1,097880E0
1,443416E1	1,591005E0
1,441954E1	1,541481E0
1,440493E1	1,722393E0
1,439031E1	2,000000E0
1,437569E1	1,725829E0
1,436108E1	8,933881E-1
1,434646E1	2,938619E-1
1,433184E1	2,443381E-1
1,431723E1	9,180960E-1
1,430261E1	1,409614E0
1,428799E1	4,988574E-1
1,427337E1	4,272435E-1
1,425876E1	1,437145E0
1,424414E1	2,000000E0
1,422952E1	2,000000E0
1,421491E1	2,000000E0
1,420029E1	2,000000E0
1,418567E1	2,000000E0
1,417106E1	2,000000E0
1,415644E1	2,000000E0
1,414182E1	1,568386E0
1,412721E1	1,000000E0
1,411259E1	1,000000E0
1,409797E1	1,000000E0
1,408336E1	1,426712E0
1,406874E1	2,000000E0
1,405412E1	2,000000E0
1,403951E1	1,576964E0
1,402489E1	1,000000E0
1,401027E1	1,000000E0
1,399565E1	1,000000E0
1,398104E1	1,000000E0
1,396642E1	1,000000E0
1,395180E1	1,000000E0
1,393719E1	1,414457E0
1,392257E1	2,000000E0
1,390795E1	1,587994E0
1,389334E1	1,000000E0
1,387872E1	1,118992E0
1,386410E1	2,016222E0
1,384949E1	2,750722E0
1,383487E1	2,259779E0
1,382025E1	2,196658E0
1,380564E1	2,723420E0
1,379102E1	3,000000E0
1,377640E1	2,599024E0
1,376179E1	1,725676E0
1,374717E1	1,265837E0
1,373255E1	9,031564E-1
1,371794E1	6,661515E-1
1,370332E1	1,074407E0
1,368870E1	1,371406E0
1,367408E1	1,981064E0
1,365947E1	1,578748E0
1,364485E1	9,553902E-1
1,363023E1	1,000000E0
1,361562E1	1,387494E0
1,360100E1	2,000000E0
1,358638E1	2,107758E0
1,357177E1	2,327223E0
1,355715E1	1,994155E0
1,354253E1	1,426271E0
1,352792E1	1,675414E0
1,351330E1	2,000000E0
1,349868E1	2,321573E0
1,348407E1	2,844992E0
1,346945E1	3,000000E0
1,345483E1	3,000000E0
1,344022E1	2,916879E0
1,342560E1	2,450899E0
1,341098E1	1,590224E0
1,339636E1	7,591226E-1
1,338175E1	1,915420E0
1,336713E1	4,941292E0
1,335251E1	4,793435E0
1,333790E1	4,326785E0
1,332328E1	3,427402E0
1,330866E1	3,080060E0
1,329405E1	3,260143E0
1,327943E1	3,230957E0
1,326481E1	3,532247E0
1,325020E1	4,296478E0
1,323558E1	4,246955E0
1,322096E1	4,551835E0
1,320635E1	5,655447E0
1,319173E1	6,836720E0
1,317711E1	6,917011E0
1,316250E1	5,300331E0
1,314788E1	4,646365E0
1,313326E1	6,594390E0
1,311864E1	7,805548E0
1,310403E1	7,022800E0
1,308941E1	5,377459E0
1,307479E1	5,401685E0
1,306018E1	7,160664E0
1,304556E1	7,959334E0
1,303094E1	7,520907E0
1,301633E1	7,607825E0
1,300171E1	9,245511E0
1,298709E1	1,045858E1
1,297248E1	1,087022E1
1,295786E1	1,023202E1
1,294324E1	9,967731E0
1,292863E1	1,079993E1
1,291401E1	1,190879E1
1,289939E1	1,142458E1
1,288478E1	1,065088E1
1,287016E1	1,149624E1
1,285554E1	1,307880E1
1,284092E1	1,430240E1
1,282631E1	1,402885E1
1,281169E1	1,313257E1
1,279707E1	1,342441E1
1,278246E1	1,661315E1
1,276784E1	1,807840E1
1,275322E1	1,760928E1
1,273861E1	1,440178E1
1,272399E1	1,164127E1
1,270937E1	1,050675E1
1,269476E1	1,178540E1
1,268014E1	1,307120E1
1,266552E1	1,309146E1
1,265091E1	1,355515E1
1,263629E1	1,255705E1
1,262167E1	1,274855E1
1,260706E1	1,410523E1
1,259244E1	1,350574E1
1,257782E1	1,230990E1
1,256320E1	1,234810E1
1,254859E1	1,320620E1
1,253397E1	1,351767E1
1,251935E1	1,359046E1
1,250474E1	1,410490E1
1,249012E1	1,431749E1
1,247550E1	1,486614E1
1,246089E1	1,432264E1
1,244627E1	1,434199E1
1,243165E1	1,674085E1
1,241704E1	1,745732E1
1,240242E1	1,453466E1
1,238780E1	1,421079E1
1,237319E1	1,621320E1
1,235857E1	1,621679E1
1,234395E1	1,709528E1
1,232934E1	1,986770E1
1,231472E1	2,083029E1
1,230010E1	2,283939E1
1,228548E1	2,411830E1
1,227087E1	2,777968E1
1,225625E1	2,923500E1
1,224163E1	2,916661E1
1,222702E1	3,208715E1
1,221240E1	3,372962E1
1,219778E1	3,220657E1
1,218317E1	2,884906E1
1,216855E1	2,407408E1
1,215393E1	1,981042E1
1,213932E1	1,714537E1
1,212470E1	1,522294E1
1,211008E1	1,352459E1
1,209547E1	1,307676E1
1,208085E1	1,392340E1
1,206623E1	1,344468E1
1,205162E1	1,515079E1
1,203700E1	1,596660E1
1,202238E1	1,535717E1
1,200776E1	1,575058E1
1,199315E1	1,571379E1
1,197853E1	1,557374E1
1,196391E1	1,764136E1
1,194930E1	1,821658E1
1,193468E1	1,972241E1
1,192006E1	1,991426E1
1,190545E1	1,777670E1
1,189083E1	1,619188E1
1,187621E1	1,749116E1
1,186160E1	1,993039E1
1,184698E1	2,038941E1
1,183236E1	1,559391E1
1,181775E1	1,538831E1
1,180313E1	1,622558E1
1,178851E1	1,382113E1
1,177390E1	1,160530E1
1,175928E1	1,261432E1
1,174466E1	1,482450E1
1,173005E1	1,766810E1
1,171543E1	1,868603E1
1,170081E1	1,839434E1
1,168619E1	1,639939E1
1,167158E1	1,498186E1
1,165696E1	1,385205E1
1,164234E1	1,375525E1
1,162773E1	1,344009E1
1,161311E1	1,233650E1
1,159849E1	1,372092E1
1,158388E1	1,278037E1
1,156926E1	1,187805E1
1,155464E1	1,271100E1
1,154003E1	1,207658E1
1,152541E1	1,047983E1
1,151079E1	9,854205E0
1,149618E1	8,805684E0
1,148156E1	8,864265E0
1,146694E1	9,253440E0
1,145233E1	9,840017E0
1,143771E1	1,002082E1
1,142309E1	9,736895E0
1,140847E1	8,594014E0
1,139386E1	7,742170E0
1,137924E1	9,637403E0
1,136462E1	1,022222E1
1,135001E1	1,104619E1
1,133539E1	1,090426E1
1,132077E1	9,941606E0
1,130616E1	8,744713E0
1,129154E1	7,080787E0
1,127692E1	6,058939E0
1,126231E1	5,569819E0
1,124769E1	5,367287E0
1,123307E1	4,380875E0
1,121846E1	3,136536E0
1,120384E1	3,960344E0
1,118922E1	4,932400E0
1,117461E1	4,806284E0
1,115999E1	4,702930E0
1,114537E1	4,779814E0
1,113075E1	4,864224E0
1,111614E1	5,570162E0
1,110152E1	6,084041E0
1,108690E1	6,279851E0
1,107229E1	4,965771E0
1,105767E1	3,896001E0
1,104305E1	3,394639E0
1,102844E1	4,838256E0
1,101382E1	3,847361E0
1,099920E1	3,168121E0
1,098459E1	4,151989E0
1,096997E1	4,868569E0
1,095535E1	4,819045E0
1,094074E1	4,642692E0
1,092612E1	4,280436E0
1,091150E1	5,238883E0
1,089689E1	2,680917E0
1,088227E1	1,251599E0
1,086765E1	2,678992E0
1,085303E1	3,395868E0
1,083842E1	2,913485E0
1,082380E1	2,373330E0
1,080918E1	2,424644E0
1,079457E1	2,849037E0
1,077995E1	2,000000E0
1,076533E1	2,148512E0
1,075072E1	3,129481E0
1,073610E1	3,787170E0
1,072148E1	3,000000E0
1,070687E1	2,994795E0
1,069225E1	2,523971E0
1,067763E1	2,618404E-1
1,066302E1	1,310139E0
1,064840E1	2,329491E0
1,063378E1	3,000000E0
1,061917E1	3,000000E0
1,060455E1	2,911722E0
1,058993E1	2,284020E0
1,057531E1	1,467349E0
1,056070E1	1,583668E0
1,054608E1	2,000000E0
1,053146E1	2,076429E0
1,051685E1	2,710757E0
1,050223E1	3,000000E0
1,048761E1	3,000000E0
1,047300E1	3,000000E0
1,045838E1	2,877225E0
1,044376E1	2,121550E0
1,042915E1	3,000000E0
1,041453E1	3,000000E0
1,039991E1	3,000000E0
1,038530E1	3,116647E0
1,037068E1	3,884578E0
1,035606E1	3,000000E0
1,034145E1	3,026715E0
1,032683E1	3,419773E0
1,031221E1	4,357552E0
1,029759E1	4,366231E0
1,028298E1	4,000000E0
1,026836E1	4,056579E0
1,025374E1	4,468909E0
1,023913E1	4,607608E0
1,022451E1	3,673228E0
1,020989E1	3,722040E0
1,019528E1	6,492644E0
1,018066E1	6,811490E0
1,016604E1	7,598705E0
1,015143E1	6,429332E0
1,013681E1	5,056735E0
1,012219E1	8,406448E0
1,010758E1	9,357826E0
1,009296E1	9,760083E0
1,007834E1	8,966249E0
1,006373E1	9,033996E0
1,004911E1	1,110677E1
1,003449E1	1,174818E1
1,001987E1	1,181655E1
1,000526E1	1,206368E1
9,990641E0	1,251230E1
9,976024E0	1,488885E1
9,961408E0	1,712476E1
9,946791E0	2,035420E1
9,932174E0	2,380335E1
9,917557E0	2,507681E1
9,902940E0	2,328166E1
9,888323E0	2,285413E1
9,873707E0	2,342771E1
9,859090E0	2,194830E1
9,844473E0	2,442273E1
9,829856E0	2,610015E1
9,815239E0	2,586310E1
9,800622E0	2,401749E1
9,786006E0	2,360608E1
9,771389E0	2,818504E1
9,756772E0	3,340324E1
9,742155E0	2,922916E1
9,727538E0	2,746874E1
9,712921E0	2,551486E1
9,698305E0	2,497162E1
9,683688E0	2,532155E1
9,669071E0	2,550640E1
9,654454E0	2,759219E1
9,639837E0	2,889798E1
9,625220E0	2,902967E1
9,610603E0	2,919014E1
9,595987E0	3,050615E1
9,581370E0	3,196785E1
9,566753E0	3,063360E1
9,552136E0	3,024841E1
9,537519E0	3,186619E1
9,522902E0	3,484363E1
9,508286E0	3,654499E1
9,493669E0	3,454127E1
9,479052E0	3,275797E1
9,464435E0	3,554098E1
9,449818E0	4,052162E1
9,435201E0	4,103404E1
9,420585E0	4,041219E1
9,405968E0	4,171600E1
9,391351E0	4,545197E1
9,376734E0	4,486053E1
9,362117E0	4,365292E1
9,347500E0	4,113565E1
9,332884E0	3,693552E1
9,318267E0	3,384787E1
9,303650E0	3,357511E1
9,289033E0	3,503118E1
9,274416E0	3,523342E1
9,259799E0	3,727797E1
9,245183E0	4,003807E1
9,230566E0	4,396674E1
9,215949E0	4,544748E1
9,201332E0	4,361147E1
9,186715E0	4,154582E1
9,172098E0	4,344026E1
9,157482E0	4,470165E1
9,142865E0	4,296237E1
9,128248E0	4,129589E1
9,113631E0	4,323256E1
9,099014E0	4,385685E1
9,084397E0	4,165018E1
9,069780E0	4,081118E1
9,055164E0	4,309860E1
9,040547E0	4,626555E1
9,025930E0	4,195007E1
9,011313E0	4,763645E1
8,996696E0	4,973530E1
8,982079E0	4,328918E1
8,967463E0	4,431054E1
8,952846E0	4,825744E1
8,938229E0	4,291506E1
8,923612E0	4,890139E1
8,908995E0	5,069702E1
8,894378E0	4,660199E1
8,879762E0	4,096057E1
8,865145E0	4,117257E1
8,850528E0	4,304143E1
8,835911E0	4,379880E1
8,821294E0	4,265424E1
8,806677E0	4,347441E1
8,792061E0	4,204113E1
8,777444E0	4,334140E1
8,762827E0	4,550122E1
8,748210E0	4,532513E1
8,733593E0	4,646044E1
8,718976E0	4,602379E1
8,704360E0	4,053767E1
8,689743E0	3,924795E1
8,675126E0	4,026834E1
8,660509E0	4,255972E1
8,645892E0	4,330734E1
8,631275E0	4,215487E1
8,616659E0	3,912337E1
8,602042E0	4,072507E1
8,587425E0	4,641201E1
8,572808E0	4,921343E1
8,558191E0	5,133601E1
8,543574E0	4,917188E1
8,528957E0	4,917423E1
8,514341E0	4,905398E1
8,499724E0	4,818479E1
8,485107E0	4,905260E1
8,470490E0	4,845209E1
8,455873E0	4,409578E1
8,441256E0	4,540344E1
8,426640E0	4,290109E1
8,412023E0	3,883378E1
8,397406E0	3,889425E1
8,382789E0	4,150795E1
8,368172E0	4,650226E1
8,353555E0	5,239764E1
8,338939E0	4,956430E1
8,324322E0	4,486797E1
8,309705E0	4,219726E1
8,295088E0	4,018723E1
8,280471E0	4,399256E1
8,265854E0	5,107304E1
8,251238E0	5,054787E1
8,236621E0	5,015084E1
8,222004E0	5,017383E1
8,207387E0	4,959815E1
8,192770E0	4,602933E1
8,178153E0	4,331439E1
8,163537E0	4,250803E1
8,148920E0	4,098073E1
8,134303E0	4,055152E1
8,119686E0	4,321783E1
8,105069E0	4,112999E1
8,090452E0	4,211075E1
8,075835E0	4,198983E1
8,061219E0	3,933456E1
8,046602E0	3,249076E1
8,031985E0	2,651436E1
8,017368E0	2,331836E1
8,002751E0	2,205901E1
7,988134E0	2,437911E1
7,973518E0	2,991929E1
7,958901E0	3,375192E1
7,944284E0	3,356069E1
7,929667E0	3,267647E1
7,915050E0	3,321894E1
7,900433E0	3,253566E1
7,885817E0	3,044942E1
7,871200E0	2,886910E1
7,856583E0	2,514486E1
7,841966E0	2,256428E1
7,827349E0	1,865354E1
7,812732E0	1,804671E1
7,798116E0	2,084918E1
7,783499E0	2,204363E1
7,768882E0	2,403241E1
7,754265E0	2,832196E1
7,739648E0	3,531522E1
7,725031E0	3,205021E1
7,710415E0	2,609901E1
7,695798E0	1,847136E1
7,681181E0	1,032862E1
7,666564E0	8,287602E0
7,651947E0	1,096041E1
7,637330E0	1,198000E1
7,622714E0	1,100110E1
7,608097E0	9,179516E0
7,593480E0	7,176300E0
7,578863E0	6,396800E0
7,564246E0	7,116533E0
7,549629E0	6,869986E0
7,535012E0	6,328010E0
7,520396E0	6,115389E0
7,505779E0	4,997660E0
7,491162E0	4,724097E0
7,476545E0	5,547132E0
7,461928E0	5,717562E0
7,447311E0	5,716719E0
7,432695E0	5,712000E0
7,418078E0	5,843200E0
7,403461E0	5,912534E0
7,388844E0	6,613537E0
7,374227E0	6,454866E0
7,359610E0	4,634527E0
7,344994E0	4,313370E0
7,330377E0	5,604243E0
7,315760E0	5,716646E0
7,301143E0	5,225341E0
7,286526E0	4,766222E0
7,271909E0	5,017849E0
7,257293E0	5,016228E0
7,242676E0	4,966704E0
7,228059E0	5,770333E0
7,213442E0	6,000691E0
7,198825E0	5,924265E0
7,184208E0	5,778590E0
7,169592E0	5,712928E0
7,154975E0	5,708309E0
7,140358E0	4,866200E0
7,125741E0	4,592972E0
7,111124E0	5,365564E0
7,096507E0	4,831101E0
7,081891E0	4,112388E0
7,067274E0	6,287335E0
7,052657E0	5,450861E0
7,038040E0	6,949819E0
7,023423E0	6,934867E0
7,008806E0	6,348602E0
6,994189E0	8,312808E0
6,979573E0	9,515492E0
6,964956E0	8,365039E0
6,950339E0	8,676640E0
6,935722E0	1,116993E1
6,921105E0	1,210395E1
6,906488E0	1,112355E1
6,891872E0	1,138306E1
6,877255E0	1,098261E1
6,862638E0	1,025586E1
6,848021E0	9,874518E0
6,833404E0	1,059277E1
6,818787E0	1,124575E1
6,804171E0	1,343312E1
6,789554E0	1,624985E1
6,774937E0	1,353777E1
6,760320E0	1,532321E1
6,745703E0	1,723948E1
6,731086E0	2,075041E1
6,716470E0	2,036324E1
6,701853E0	2,085199E1
6,687236E0	2,101566E1
6,672619E0	2,119200E1
6,658002E0	2,273238E1
6,643385E0	2,610502E1
6,628769E0	2,932931E1
6,614152E0	3,168546E1
6,599535E0	3,262429E1
6,584918E0	3,107353E1
6,570301E0	3,276906E1
6,555684E0	3,379901E1
6,541067E0	3,259283E1
6,526451E0	3,388268E1
6,511834E0	3,369120E1
6,497217E0	3,319778E1
6,482600E0	3,782517E1
6,467983E0	4,784059E1
6,453366E0	4,934389E1
6,438750E0	4,836459E1
6,424133E0	4,729279E1
6,409516E0	4,735640E1
6,394899E0	4,683325E1
6,380282E0	4,742362E1
6,365665E0	4,796088E1
6,351049E0	5,104185E1
6,336432E0	5,329993E1
6,321815E0	5,808464E1
6,307198E0	5,897657E1
6,292581E0	5,986734E1
6,277964E0	6,145573E1
6,263348E0	6,001990E1
6,248731E0	6,259018E1
6,234114E0	6,464599E1
6,219497E0	6,457958E1
6,204880E0	6,580357E1
6,190263E0	6,312759E1
6,175647E0	5,682298E1
6,161030E0	5,001765E1
6,146413E0	4,665376E1
6,131796E0	4,943326E1
6,117179E0	6,150113E1
6,102562E0	7,110283E1
6,087946E0	6,956249E1
6,073329E0	6,708441E1
6,058712E0	6,790115E1
6,044095E0	6,855074E1
6,029478E0	7,169562E1
6,014861E0	7,364245E1
6,000244E0	7,187948E1
5,985628E0	6,332774E1
5,971011E0	5,779836E1
5,956394E0	5,707963E1
5,941777E0	6,028671E1
5,927160E0	6,444194E1
5,912543E0	6,069688E1
5,897927E0	5,743996E1
5,883310E0	5,974756E1
5,868693E0	6,081953E1
5,854076E0	6,633753E1
5,839459E0	7,280484E1
5,824842E0	7,165851E1
5,810226E0	6,989322E1
5,795609E0	7,313746E1
5,780992E0	7,555428E1
5,766375E0	7,380411E1
5,751758E0	7,316771E1
5,737141E0	7,353078E1
5,722525E0	7,291147E1
5,707908E0	7,121350E1
5,693291E0	6,935416E1
5,678674E0	6,831171E1
5,664057E0	6,906387E1
5,649440E0	6,927339E1
5,634824E0	6,970772E1
5,620207E0	6,969281E1
5,605590E0	6,946005E1
5,590973E0	6,958111E1
5,576356E0	6,831282E1
5,561739E0	6,934059E1
5,547123E0	7,504839E1
5,532506E0	7,674327E1
5,517889E0	7,949823E1
5,503272E0	8,190145E1
5,488655E0	8,341985E1
5,474038E0	8,505383E1
5,459421E0	8,472360E1
5,444805E0	8,394461E1
5,430188E0	8,566042E1
5,415571E0	8,916294E1
5,400954E0	8,310598E1
5,386337E0	8,139739E1
5,371720E0	7,956990E1
5,357104E0	7,241664E1
5,342487E0	6,883359E1
5,327870E0	8,034861E1
5,313253E0	9,344087E1
5,298636E0	8,333501E1
5,284019E0	6,668337E1
5,269403E0	6,515123E1
5,254786E0	7,111803E1
5,240169E0	7,189514E1
5,225552E0	7,080199E1
5,210935E0	7,142508E1
5,196318E0	7,131110E1
5,181702E0	7,264158E1
5,167085E0	7,509266E1
5,152468E0	7,404112E1
5,137851E0	7,007401E1
5,123234E0	7,116344E1
5,108617E0	7,711666E1
5,094001E0	7,687372E1
5,079384E0	6,985289E1
5,064767E0	7,137127E1
5,050150E0	7,689999E1
5,035533E0	6,484935E1
5,020916E0	5,303695E1
5,006299E0	5,657565E1
4,991683E0	7,032472E1
4,977066E0	7,272456E1
4,962449E0	7,178741E1
4,947832E0	7,097670E1
4,933215E0	6,963625E1
4,918598E0	7,187064E1
4,903982E0	8,041022E1
4,889365E0	8,524374E1
4,874748E0	8,224307E1
4,860131E0	7,868334E1
4,845514E0	7,892662E1
4,830897E0	8,414040E1
4,816281E0	8,911297E1
4,801664E0	7,902598E1
4,787047E0	6,793693E1
4,772430E0	6,503927E1
4,757813E0	6,387565E1
4,743196E0	6,516344E1
4,728580E0	7,018052E1
4,713963E0	7,209640E1
4,699346E0	7,457660E1
4,684729E0	7,514595E1
4,670112E0	7,272541E1
4,655495E0	7,356144E1
4,640879E0	7,724929E1
4,626262E0	7,463449E1
4,611645E0	6,730134E1
4,597028E0	6,537198E1
4,582411E0	6,818192E1
4,567794E0	7,369616E1
4,553178E0	7,899753E1
4,538561E0	8,064204E1
4,523944E0	7,999047E1
4,509327E0	7,111288E1
4,494710E0	5,786150E1
4,480093E0	5,424196E1
4,465476E0	6,137872E1
4,450860E0	6,898940E1
4,436243E0	6,723633E1
4,421626E0	6,286940E1
4,407009E0	6,280948E1
4,392392E0	6,442631E1
4,377775E0	6,461380E1
4,363159E0	6,527141E1
4,348542E0	6,561082E1
4,333925E0	6,458919E1
4,319308E0	6,590528E1
4,304691E0	6,525611E1
4,290074E0	5,906042E1
4,275458E0	5,456082E1
4,260841E0	5,438240E1
4,246224E0	5,345158E1
4,231607E0	5,280325E1
4,216990E0	5,311974E1
4,202373E0	5,369617E1
4,187757E0	5,405243E1
4,173140E0	5,255138E1
4,158523E0	5,133955E1
4,143906E0	5,204765E1
4,129289E0	5,515294E1
4,114672E0	5,990672E1
4,100056E0	6,271930E1
4,085439E0	5,960062E1
4,070822E0	5,725713E1
4,056205E0	5,933762E1
4,041588E0	5,587712E1
4,026971E0	4,120591E1
4,012355E0	2,872892E1
3,997738E0	2,538703E1
3,983121E0	2,547616E1
3,968504E0	2,515271E1
3,953887E0	2,421884E1
3,939270E0	2,393185E1
3,924653E0	2,469041E1
3,910037E0	2,383616E1
3,895420E0	2,408256E1
3,880803E0	2,427577E1
3,866186E0	2,178985E1
3,851569E0	1,883009E1
3,836952E0	1,697173E1
3,822336E0	1,564910E1
3,807719E0	1,457039E1
3,793102E0	1,450974E1
3,778485E0	1,592634E1
3,763868E0	1,650301E1
3,749251E0	1,613030E1
3,734635E0	1,712449E1
3,720018E0	1,825517E1
3,705401E0	1,891409E1
3,690784E0	1,929442E1
3,676167E0	1,972620E1
3,661550E0	2,009210E1
3,646934E0	1,954411E1
3,632317E0	1,895338E1
3,617700E0	1,935256E1
3,603083E0	1,999165E1
3,588466E0	1,974839E1
3,573849E0	1,991822E1
3,559233E0	2,062398E1
3,544616E0	2,064804E1
3,529999E0	2,013667E1
3,515382E0	1,950502E1
3,500765E0	2,035340E1
3,486148E0	2,454774E1
3,471531E0	2,746169E1
3,456915E0	2,656731E1
3,442298E0	2,636588E1
3,427681E0	2,868642E1
3,413064E0	4,103685E1
3,398447E0	5,058790E1
3,383830E0	5,245097E1
3,369214E0	5,461558E1
3,354597E0	5,539248E1
3,339980E0	5,850176E1
3,325363E0	5,987837E1
3,310746E0	5,626593E1
3,296129E0	5,140703E1
3,281513E0	4,917296E1
3,266896E0	4,975819E1
3,252279E0	4,829512E1
3,237662E0	4,423951E1
3,223045E0	4,066009E1
3,208428E0	3,876622E1
3,193812E0	3,854174E1
3,179195E0	3,908167E1
3,164578E0	4,141833E1
3,149961E0	5,085061E1
3,135344E0	6,270184E1
3,120727E0	7,366187E1
3,106111E0	7,965911E1
3,091494E0	7,428463E1
3,076877E0	6,858238E1
3,062260E0	6,963074E1
3,047643E0	7,400419E1
3,033026E0	7,472975E1
3,018410E0	7,107065E1
3,003793E0	7,361748E1
2,989176E0	8,755168E1
2,974559E0	9,760906E1
2,959942E0	9,262979E1
2,945325E0	9,042159E1
2,930708E0	9,785515E1
2,916092E0	9,902849E1
2,901475E0	8,658254E1
2,886858E0	7,565179E1
2,872241E0	7,502495E1
2,857624E0	8,006270E1
2,843007E0	8,695689E1
2,828391E0	9,431333E1
2,813774E0	1,033166E2
2,799157E0	1,050829E2
2,784540E0	1,002256E2
2,769923E0	9,941325E1
2,755306E0	1,008464E2
2,740690E0	1,014167E2
2,726073E0	1,006600E2
2,711456E0	9,884998E1
2,696839E0	1,025069E2
2,682222E0	1,062980E2
2,667605E0	1,000469E2
2,652989E0	9,128111E1
2,638372E0	9,406559E1
2,623755E0	9,800239E1
2,609138E0	1,016059E2
2,594521E0	1,080568E2
2,579904E0	1,008450E2
2,565288E0	9,078945E1
2,550671E0	9,559002E1
2,536054E0	1,037512E2
2,521437E0	1,046740E2
2,506820E0	1,032577E2
2,492203E0	1,024243E2
2,477586E0	1,017199E2
2,462970E0	1,003036E2
2,448353E0	1,000595E2
2,433736E0	1,006177E2
2,419119E0	1,012191E2
2,404502E0	1,025798E2
2,389885E0	1,052108E2
2,375269E0	1,023447E2
2,360652E0	9,540000E1
2,346035E0	9,558992E1
2,331418E0	9,948519E1
2,316801E0	9,973426E1
2,302184E0	9,748266E1
2,287568E0	9,686175E1
2,272951E0	1,006716E2
2,258334E0	9,886200E1
2,243717E0	8,998023E1
2,229100E0	9,040402E1
2,214483E0	9,528234E1
2,199867E0	9,613998E1
2,185250E0	9,476867E1
2,170633E0	9,607327E1
2,156016E0	9,338504E1
2,141399E0	8,866001E1
2,126782E0	1,058482E2
2,112166E0	1,309603E2
2,097549E0	1,364022E2
2,082932E0	1,229290E2
2,068315E0	1,105016E2
2,053698E0	1,377272E2
2,039081E0	1,739291E2
2,024465E0	1,756947E2
2,009848E0	1,589990E2
1,995231E0	1,439406E2
1,980614E0	1,530280E2
1,965997E0	1,611113E2
1,951380E0	1,331133E2
1,936763E0	9,432749E1
1,922147E0	7,887180E1
1,907530E0	1,220469E2
1,892913E0	1,897409E2
1,878296E0	1,563856E2
1,863679E0	1,261882E2
1,849062E0	1,549588E2
1,834446E0	1,134743E2
1,819829E0	7,763932E1
1,805212E0	1,028509E2
1,790595E0	1,406786E2
1,775978E0	1,711311E2
1,761361E0	1,651612E2
1,746745E0	1,124329E2
1,732128E0	9,696763E1
1,717511E0	1,502164E2
1,702894E0	1,671168E2
1,688277E0	1,676413E2
1,673660E0	1,706413E2
1,659044E0	1,724624E2
1,644427E0	1,929973E2
1,629810E0	1,944624E2
1,615193E0	1,859988E2
1,600576E0	1,205517E2
1,585959E0	1,194044E2
1,571343E0	1,908969E2
1,556726E0	2,021960E2
1,542109E0	1,903009E2
1,527492E0	1,943766E2
1,512875E0	2,031803E2
1,498258E0	1,870000E2
1,483642E0	1,814319E2
1,469025E0	2,095055E2
1,454408E0	2,015925E2
1,439791E0	1,607740E2
1,425174E0	1,467022E2
1,410557E0	1,677118E2
1,395940E0	1,746571E2
1,381324E0	1,839291E2
1,366707E0	1,884035E2
1,352090E0	1,845800E2
1,337473E0	1,764138E2
1,322856E0	1,680814E2
1,308239E0	1,725815E2
1,293623E0	1,842711E2
1,279006E0	1,951864E2
1,264389E0	1,978550E2
1,249772E0	1,943804E2
1,235155E0	1,895339E2
1,220538E0	1,657409E2
1,205922E0	1,459872E2
1,191305E0	1,627358E2
1,176688E0	1,774811E2
1,162071E0	1,632488E2
1,147454E0	1,525532E2
1,132837E0	1,519192E2
1,118221E0	1,477204E2
1,103604E0	1,509646E2
1,088987E0	1,552436E2
1,074370E0	1,517368E2
1,059753E0	1,256069E2
1,045136E0	1,075636E2
1,030520E0	1,461321E2
1,015903E0	2,002082E2
1,001286E0	1,954892E2
9,866690E-1	1,922583E2
9,720522E-1	2,066027E2
9,574353E-1	2,005422E2
9,428185E-1	1,819605E2
9,282017E-1	1,706483E2
9,135848E-1	1,587215E2
8,989680E-1	1,696738E2
8,843511E-1	1,946881E2
8,697343E-1	2,074071E2
8,551175E-1	1,964573E2
8,405006E-1	1,796212E2
8,258838E-1	1,784114E2
8,112670E-1	1,848871E2
7,966501E-1	1,872903E2
7,820333E-1	1,735570E2
7,674164E-1	1,788423E2
7,527996E-1	1,556444E2
7,381828E-1	1,019426E2
7,235659E-1	1,260534E2
7,089491E-1	1,948422E2
6,943322E-1	2,039233E2
6,797154E-1	1,973290E2
6,650986E-1	2,012393E2
6,504817E-1	1,856239E2
6,358649E-1	1,393053E2
6,212481E-1	1,233262E2
6,066312E-1	1,656928E2
5,920144E-1	1,914418E2
5,773975E-1	1,850138E2
5,627807E-1	1,695163E2
5,481639E-1	1,657130E2
5,335470E-1	1,732664E2
5,189302E-1	1,728411E2
5,043134E-1	1,431608E2
4,896965E-1	1,112741E2
4,750797E-1	1,136374E2
4,604628E-1	1,135271E2
4,458460E-1	1,070319E2
4,312292E-1	1,150514E2
4,166123E-1	1,571780E2
4,019955E-1	2,128262E2
3,873786E-1	2,269207E2
3,727618E-1	2,089902E2
3,581450E-1	1,965310E2
3,435281E-1	2,287067E2
3,289113E-1	2,455110E2
3,142945E-1	2,426183E2
2,996776E-1	2,380937E2
2,850608E-1	2,423152E2
2,704439E-1	2,530517E2
2,558271E-1	2,536831E2
2,412103E-1	2,540670E2
2,265934E-1	2,539069E2
2,119766E-1	2,540251E2
1,973598E-1	2,538006E2
1,827429E-1	2,536665E2
1,681261E-1	2,537695E2
1,535092E-1	2,541638E2
1,388924E-1	2,540382E2
1,242756E-1	2,546374E2
1,096587E-1	2,549918E2
9,504189E-2	2,549078E2
8,042505E-2	2,547011E2
6,580821E-2	2,547076E2
5,119137E-2	2,547067E2
3,657453E-2	2,547626E2
2,195770E-2	2,547752E2
7,340859E-3	2,544130E2
-7,275980E-3	2,544130E2
-2,189282E-2	2,544130E2
-3,650966E-2	2,544130E2
-5,112649E-2	2,544130E2
-6,574333E-2	2,543601E2
-8,036017E-2	2,541205E2
-9,497701E-2	2,539146E2
-1,095938E-1	2,546330E2
-1,242107E-1	2,543243E2
-1,388275E-1	2,531396E2
-1,534444E-1	2,524407E2
-1,680612E-1	2,528784E2
-1,826780E-1	2,513319E2
-1,972949E-1	2,456895E2
-2,119117E-1	2,523961E2
-2,265286E-1	2,516546E2
-2,411454E-1	2,499949E2
-2,557622E-1	2,482288E2
-2,703791E-1	2,465769E2
-2,849959E-1	2,433023E2
-2,996127E-1	2,378508E2
-3,142296E-1	2,302758E2
-3,288464E-1	2,296624E2
-3,434633E-1	2,361903E2
-3,580801E-1	2,031229E2
-3,726969E-1	1,561761E2
-3,873138E-1	2,089516E2
-4,019306E-1	2,238730E2
-4,165474E-1	2,132019E2
-4,311643E-1	1,964226E2
-4,457811E-1	1,759247E2
-4,603980E-1	1,302510E2
-4,750148E-1	1,463340E2
-4,896316E-1	7,225118E1
-5,042485E-1	8,681183E1
-5,188653E-1	1,090835E2
-5,334822E-1	1,064619E2
-5,480990E-1	1,294379E2
-5,627158E-1	1,285642E2
-5,773327E-1	1,193966E2
-5,919495E-1	1,305323E2
-6,065663E-1	1,450807E2
-6,211832E-1	1,212847E2
-6,358000E-1	1,336529E2
-6,504169E-1	2,081884E2
-6,650337E-1	2,097034E2
-6,796505E-1	1,987365E2
-6,942674E-1	1,666854E2
-7,088842E-1	1,796006E2
-7,235010E-1	1,756550E2
-7,381179E-1	1,977413E2
-7,527347E-1	1,910218E2
-7,673516E-1	1,824248E2
-7,819684E-1	1,723137E2
-7,965852E-1	1,506574E2
-8,112021E-1	1,268855E2
-8,258189E-1	1,238565E2
-8,404358E-1	1,825760E2
-8,550526E-1	2,020183E2
-8,696694E-1	1,836415E2
-8,842863E-1	1,393947E2
-8,989031E-1	9,542849E1
-9,135199E-1	1,612986E2
-9,281368E-1	1,445883E2
-9,427536E-1	1,214276E2
-9,573705E-1	1,479925E2
-9,719873E-1	1,499881E2
-9,866041E-1	1,730319E2
-1,001221E0	1,882481E2
-1,015838E0	1,858589E2
-1,030455E0	1,879761E2
-1,045071E0	1,866184E2
-1,059688E0	1,615917E2
-1,074305E0	1,234677E2
-1,088922E0	1,077801E2
-1,103539E0	1,415458E2
-1,118156E0	1,715443E2
-1,132773E0	1,937852E2
-1,147389E0	2,103543E2
-1,162006E0	2,124849E2
-1,176623E0	2,008281E2
-1,191240E0	1,418261E2
-1,205857E0	1,054607E2
-1,220474E0	1,323941E2
-1,235090E0	1,190401E2
-1,249707E0	1,507281E2
-1,264324E0	2,131131E2
-1,278941E0	2,153274E2
-1,293558E0	2,052512E2
-1,308175E0	1,590502E2
-1,322791E0	1,111748E2
-1,337408E0	1,130135E2
-1,352025E0	1,083993E2
-1,366642E0	1,233052E2
-1,381259E0	1,662441E2
-1,395876E0	1,900274E2
-1,410492E0	1,695846E2
-1,425109E0	1,452063E2
-1,439726E0	8,484150E1
-1,454343E0	8,456978E1
-1,468960E0	1,475702E2
-1,483577E0	1,843529E2
-1,498193E0	1,905028E2
-1,512810E0	1,746088E2
-1,527427E0	1,861854E2
-1,542044E0	2,050277E2
-1,556661E0	1,480612E2
-1,571278E0	1,108673E2
-1,585894E0	1,071823E2
-1,600511E0	1,485431E2
-1,615128E0	1,941004E2
-1,629745E0	1,988515E2
-1,644362E0	1,820530E2
-1,658979E0	1,532259E2
-1,673596E0	1,365546E2
-1,688212E0	1,587307E2
-1,702829E0	1,768467E2
-1,717446E0	1,420547E2
-1,732063E0	9,362098E1
-1,746680E0	8,766211E1
-1,761297E0	1,813130E2
-1,775913E0	2,028937E2
-1,790530E0	1,968782E2
-1,805147E0	1,836146E2
-1,819764E0	1,850065E2
-1,834381E0	1,634857E2
-1,848998E0	1,446708E2
-1,863614E0	1,630921E2
-1,878231E0	1,854850E2
-1,892848E0	1,727843E2
-1,907465E0	1,476699E2
-1,922082E0	1,366295E2
-1,936699E0	1,946537E2
-1,951315E0	1,432885E2
-1,965932E0	1,138922E2
-1,980549E0	1,688182E2
-1,995166E0	1,840124E2
-2,009783E0	1,647999E2
-2,024400E0	6,639360E1
-2,039016E0	7,978618E1
-2,053633E0	9,639709E1
-2,068250E0	1,000261E2
-2,082867E0	9,368544E1
-2,097484E0	8,011961E1
-2,112101E0	8,028052E1
-2,126718E0	1,194415E2
-2,141334E0	1,787802E2
-2,155951E0	1,641949E2
-2,170568E0	1,413272E2
-2,185185E0	1,463348E2
-2,199802E0	1,792012E2
-2,214419E0	1,474375E2
-2,229035E0	8,231733E1
-2,243652E0	8,687967E1
-2,258269E0	9,590078E1
-2,272886E0	9,899574E1
-2,287503E0	9,599532E1
-2,302120E0	9,467753E1
-2,316736E0	1,064239E2
-2,331353E0	1,221742E2
-2,345970E0	1,099778E2
-2,360587E0	1,518155E2
-2,375204E0	1,247843E2
-2,389821E0	9,786928E1
-2,404437E0	1,121788E2
-2,419054E0	1,153113E2
-2,433671E0	9,221466E1
-2,448288E0	8,971296E1
-2,462905E0	9,360614E1
-2,477522E0	9,641634E1
-2,492138E0	9,896448E1
-2,506755E0	1,049611E2
-2,521372E0	1,087068E2
-2,535989E0	1,083379E2
-2,550606E0	1,053062E2
-2,565223E0	9,512448E1
-2,579839E0	8,150196E1
-2,594456E0	7,764708E1
-2,609073E0	8,982845E1
-2,623690E0	1,027349E2
-2,638307E0	1,068863E2
-2,652924E0	1,029134E2
-2,667541E0	1,023848E2
-2,682157E0	1,092534E2
-2,696774E0	1,086846E2
-2,711391E0	9,593228E1
-2,726008E0	9,277607E1
-2,740625E0	9,104521E1
-2,755242E0	1,004479E2
-2,769858E0	1,078312E2
-2,784475E0	1,022477E2
-2,799092E0	1,144088E2
-2,813709E0	1,281567E2
-2,828326E0	1,320615E2
-2,842943E0	1,137426E2
-2,857559E0	1,225754E2
-2,872176E0	8,980692E1
-2,886793E0	7,270122E1
-2,901410E0	7,924216E1
-2,916027E0	9,139228E1
-2,930644E0	9,158712E1
-2,945260E0	8,533842E1
-2,959877E0	9,120915E1
-2,974494E0	1,000257E2
-2,989111E0	8,985622E1
-3,003728E0	7,530105E1
-3,018345E0	7,435309E1
-3,032961E0	7,973321E1
-3,047578E0	8,891174E1
-3,062195E0	9,127433E1
-3,076812E0	9,176749E1
-3,091429E0	9,232606E1
-3,106046E0	8,100696E1
-3,120662E0	6,575342E1
-3,135279E0	6,096427E1
-3,149896E0	6,416049E1
-3,164513E0	5,994666E1
-3,179130E0	5,815406E1
-3,193747E0	6,413244E1
-3,208364E0	6,370918E1
-3,222980E0	6,455301E1
-3,237597E0	7,665917E1
-3,252214E0	7,847226E1
-3,266831E0	7,222346E1
-3,281448E0	6,942043E1
-3,296065E0	6,617924E1
-3,310681E0	6,456657E1
-3,325298E0	7,287685E1
-3,339915E0	7,478167E1
-3,354532E0	6,525824E1
-3,369149E0	6,031416E1
-3,383766E0	5,605845E1
-3,398382E0	5,701334E1
-3,412999E0	6,284287E1
-3,427616E0	6,422001E1
-3,442233E0	6,239917E1
-3,456850E0	6,112395E1
-3,471467E0	6,179449E1
-3,486083E0	5,724091E1
-3,500700E0	4,906828E1
-3,515317E0	4,616226E1
-3,529934E0	3,931346E1
-3,544551E0	3,130685E1
-3,559168E0	2,534833E1
-3,573784E0	2,454897E1
-3,588401E0	2,340986E1
-3,603018E0	2,291561E1
-3,617635E0	2,155214E1
-3,632252E0	2,170377E1
-3,646869E0	2,174192E1
-3,661486E0	2,216031E1
-3,676102E0	2,239527E1
-3,690719E0	2,205480E1
-3,705336E0	2,338974E1
-3,719953E0	2,223455E1
-3,734570E0	2,216753E1
-3,749187E0	2,180225E1
-3,763803E0	2,218180E1
-3,778420E0	2,347314E1
-3,793037E0	2,233601E1
-3,807654E0	2,094604E1
-3,822271E0	2,059543E1
-3,836888E0	2,164488E1
-3,851504E0	2,151052E1
-3,866121E0	2,139464E1
-3,880738E0	2,126550E1
-3,895355E0	2,099448E1
-3,909972E0	2,244701E1
-3,924589E0	2,506584E1
-3,939205E0	2,921410E1
-3,953822E0	4,770507E1
-3,968439E0	5,281757E1
-3,983056E0	4,740959E1
-3,997673E0	5,646771E1
-4,012290E0	6,054812E1
-4,026906E0	5,864258E1
-4,041523E0	6,893617E1
-4,056140E0	6,540015E1
-4,070757E0	6,217916E1
-4,085374E0	5,925469E1
-4,099991E0	5,347366E1
-4,114607E0	5,654456E1
-4,129224E0	6,846918E1
-4,143841E0	6,752658E1
-4,158458E0	5,339850E1
-4,173075E0	4,527561E1
-4,187692E0	4,051480E1
-4,202309E0	3,912825E1
-4,216925E0	4,002956E1
-4,231542E0	4,866092E1
-4,246159E0	5,601552E1
-4,260776E0	5,570965E1
-4,275393E0	5,480569E1
-4,290010E0	5,684699E1
-4,304626E0	5,048156E1
-4,319243E0	4,861557E1
-4,333860E0	4,774174E1
-4,348477E0	5,230066E1
-4,363094E0	6,526646E1
-4,377711E0	6,511673E1
-4,392327E0	6,372884E1
-4,406944E0	5,809853E1
-4,421561E0	6,107174E1
-4,436178E0	6,234485E1
-4,450795E0	6,308726E1
-4,465412E0	6,099723E1
-4,480028E0	5,873468E1
-4,494645E0	5,818102E1
-4,509262E0	5,757259E1
-4,523879E0	5,545149E1
-4,538496E0	5,658394E1
-4,553113E0	6,135004E1
-4,567729E0	6,755402E1
-4,582346E0	5,475897E1
-4,596963E0	4,677880E1
-4,611580E0	4,188132E1
-4,626197E0	3,862816E1
-4,640814E0	5,408474E1
-4,655430E0	8,177497E1
-4,670047E0	9,040407E1
-4,684664E0	9,773055E1
-4,699281E0	1,047177E2
-4,713898E0	1,039791E2
-4,728515E0	8,916011E1
-4,743132E0	7,635909E1
-4,757748E0	7,336337E1
-4,772365E0	7,596463E1
-4,786982E0	8,457379E1
-4,801599E0	8,698785E1
-4,816216E0	7,940064E1
-4,830833E0	6,823583E1
-4,845449E0	6,291712E1
-4,860066E0	6,311017E1
-4,874683E0	6,225688E1
-4,889300E0	6,251706E1
-4,903917E0	6,962684E1
-4,918534E0	8,367814E1
-4,933150E0	8,402361E1
-4,947767E0	7,133033E1
-4,962384E0	6,977871E1
-4,977001E0	7,686025E1
-4,991618E0	7,943517E1
-5,006235E0	7,963359E1
-5,020851E0	7,296109E1
-5,035468E0	6,782098E1
-5,050085E0	6,948943E1
-5,064702E0	8,031708E1
-5,079319E0	9,337449E1
-5,093936E0	1,003474E2
-5,108552E0	1,027360E2
-5,123169E0	9,645901E1
-5,137786E0	8,378009E1
-5,152403E0	7,284924E1
-5,167020E0	7,351461E1
-5,181637E0	8,975483E1
-5,196254E0	9,103840E1
-5,210870E0	7,650176E1
-5,225487E0	7,270108E1
-5,240104E0	8,047822E1
-5,254721E0	8,766489E1
-5,269338E0	9,499205E1
-5,283955E0	1,004395E2
-5,298571E0	9,224255E1
-5,313188E0	8,487448E1
-5,327805E0	9,477852E1
-5,342422E0	1,000960E2
-5,357039E0	7,870173E1
-5,371656E0	6,668127E1
-5,386272E0	6,598447E1
-5,400889E0	7,269613E1
-5,415506E0	7,910361E1
-5,430123E0	8,184348E1
-5,444740E0	8,375708E1
-5,459357E0	9,040348E1
-5,473973E0	6,560347E1
-5,488590E0	5,284519E1
-5,503207E0	6,710290E1
-5,517824E0	9,519828E1
-5,532441E0	8,994694E1
-5,547058E0	7,809628E1
-5,561674E0	7,209374E1
-5,576291E0	7,133821E1
-5,590908E0	7,665778E1
-5,605525E0	8,524890E1
-5,620142E0	8,423223E1
-5,634759E0	8,697138E1
-5,649375E0	8,608679E1
-5,663992E0	8,680267E1
-5,678609E0	9,246047E1
-5,693226E0	9,489138E1
-5,707843E0	8,009662E1
-5,722460E0	7,007542E1
-5,737077E0	9,006975E1
-5,751693E0	1,063046E2
-5,766310E0	9,514540E1
-5,780927E0	8,450959E1
-5,795544E0	8,033534E1
-5,810161E0	7,756545E1
-5,824778E0	7,591730E1
-5,839394E0	7,112071E1
-5,854011E0	6,999261E1
-5,868628E0	6,761373E1
-5,883245E0	6,270510E1
-5,897862E0	5,999229E1
-5,912479E0	6,915524E1
-5,927095E0	7,655599E1
-5,941712E0	7,276371E1
-5,956329E0	6,117645E1
-5,970946E0	6,139328E1
-5,985563E0	7,000000E1
-6,000180E0	8,633471E1
-6,014796E0	9,839375E1
-6,029413E0	9,371882E1
-6,044030E0	7,862621E1
-6,058647E0	7,484525E1
-6,073264E0	7,804802E1
-6,087881E0	8,530536E1
-6,102497E0	9,160688E1
-6,117114E0	9,323969E1
-6,131731E0	8,915864E1
-6,146348E0	8,385663E1
-6,160965E0	8,073223E1
-6,175582E0	6,566555E1
-6,190199E0	5,068002E1
-6,204815E0	4,968434E1
-6,219432E0	6,638787E1
-6,234049E0	8,020089E1
-6,248666E0	8,217827E1
-6,263283E0	7,366521E1
-6,277900E0	6,810680E1
-6,292516E0	6,985447E1
-6,307133E0	6,997461E1
-6,321750E0	7,426304E1
-6,336367E0	8,185473E1
-6,350984E0	8,230448E1
-6,365601E0	8,060099E1
-6,380217E0	8,514776E1
-6,394834E0	9,097909E1
-6,409451E0	8,235935E1
-6,424068E0	6,885622E1
-6,438685E0	6,681774E1
-6,453302E0	7,514067E1
-6,467918E0	6,773788E1
-6,482535E0	5,339873E1
-6,497152E0	5,023832E1
-6,511769E0	5,458217E1
-6,526386E0	5,789836E1
-6,541003E0	5,992845E1
-6,555619E0	6,312428E1
-6,570236E0	6,619666E1
-6,584853E0	6,511217E1
-6,599470E0	6,204679E1
-6,614087E0	6,135235E1
-6,628704E0	6,477683E1
-6,643320E0	6,015292E1
-6,657937E0	4,768736E1
-6,672554E0	4,346488E1
-6,687171E0	4,667183E1
-6,701788E0	4,594275E1
-6,716405E0	4,744141E1
-6,731022E0	5,582397E1
-6,745638E0	6,317841E1
-6,760255E0	6,341184E1
-6,774872E0	6,100136E1
-6,789489E0	6,103885E1
-6,804106E0	6,237779E1
-6,818723E0	6,227243E1
-6,833339E0	6,002558E1
-6,847956E0	5,827615E1
-6,862573E0	5,782292E1
-6,877190E0	5,693145E1
-6,891807E0	5,425841E1
-6,906424E0	4,921802E1
-6,921040E0	4,145331E1
-6,935657E0	3,586625E1
-6,950274E0	3,663492E1
-6,964891E0	3,902357E1
-6,979508E0	4,283744E1
-6,994125E0	4,797992E1
-7,008741E0	4,917169E1
-7,023358E0	4,811280E1
-7,037975E0	4,708001E1
-7,052592E0	4,748349E1
-7,067209E0	4,897299E1
-7,081826E0	5,112426E1
-7,096442E0	5,189019E1
-7,111059E0	5,071500E1
-7,125676E0	3,796320E1
-7,140293E0	2,354389E1
-7,154910E0	1,733068E1
-7,169527E0	1,603888E1
-7,184143E0	1,608735E1
-7,198760E0	1,599471E1
-7,213377E0	1,726311E1
-7,227994E0	1,737549E1
-7,242611E0	1,701820E1
-7,257228E0	1,727509E1
-7,271845E0	1,747370E1
-7,286461E0	1,785124E1
-7,301078E0	1,802436E1
-7,315695E0	1,689688E1
-7,330312E0	1,458152E1
-7,344929E0	1,269704E1
-7,359546E0	1,194105E1
-7,374162E0	1,141440E1
-7,388779E0	1,138352E1
-7,403396E0	1,148752E1
-7,418013E0	1,150058E1
-7,432630E0	1,106327E1
-7,447247E0	1,117699E1
-7,461863E0	1,211080E1
-7,476480E0	1,397697E1
-7,491097E0	1,397149E1
-7,505714E0	1,063837E1
-7,520331E0	7,312404E0
-7,534948E0	7,289677E0
-7,549564E0	8,304207E0
-7,564181E0	7,500254E0
-7,578798E0	6,233728E0
-7,593415E0	6,002241E0
-7,608032E0	6,128638E0
-7,622649E0	6,080028E0
-7,637265E0	7,928911E0
-7,651882E0	1,046484E1
-7,666499E0	1,217488E1
-7,681116E0	1,213240E1
-7,695733E0	1,180926E1
-7,710350E0	1,018926E1
-7,724967E0	9,121999E0
-7,739583E0	9,516360E0
-7,754200E0	9,311913E0
-7,768817E0	9,601209E0
-7,783434E0	1,098285E1
-7,798051E0	1,119643E1
-7,812668E0	9,268188E0
-7,827284E0	9,453859E0
-7,841901E0	1,111067E1
-7,856518E0	1,071083E1
-7,871135E0	9,514582E0
-7,885752E0	9,549712E0
-7,900369E0	1,034678E1
-7,914985E0	1,139208E1
-7,929602E0	1,369143E1
-7,944219E0	1,691721E1
-7,958836E0	1,719646E1
-7,973453E0	1,439461E1
-7,988070E0	1,250000E1
-8,002686E0	1,246308E1
-8,017303E0	1,254339E1
-8,031920E0	1,293736E1
-8,046537E0	1,366520E1
-8,061154E0	1,398649E1
-8,075771E0	1,433904E1
-8,090387E0	1,618963E1
-8,105004E0	1,873114E1
-8,119621E0	2,007970E1
-8,134238E0	2,018806E1
-8,148855E0	2,012437E1
-8,163472E0	2,061279E1
-8,178088E0	1,884969E1
-8,192705E0	1,665227E1
-8,207322E0	1,735560E1
-8,221939E0	1,817143E1
-8,236556E0	1,741131E1
-8,251173E0	1,684335E1
-8,265790E0	1,760891E1
-8,280406E0	1,903875E1
-8,295023E0	2,040038E1
-8,309640E0	2,097990E1
-8,324257E0	2,117071E1
-8,338874E0	2,204189E1
-8,353491E0	2,289557E1
-8,368107E0	2,307279E1
-8,382724E0	2,420940E1
-8,397341E0	2,541322E1
-8,411958E0	2,550078E1
-8,426575E0	2,469783E1
-8,441192E0	2,348656E1
-8,455808E0	2,355342E1
-8,470425E0	2,593177E1
-8,485042E0	2,998211E1
-8,499659E0	3,195723E1
-8,514276E0	3,232219E1
-8,528893E0	3,216705E1
-8,543509E0	3,345405E1
-8,558126E0	3,729791E1
-8,572743E0	3,901584E1
-8,587360E0	3,751267E1
-8,601977E0	3,587523E1
-8,616594E0	3,537609E1
-8,631210E0	3,622805E1
-8,645827E0	3,786673E1
-8,660444E0	3,804579E1
-8,675061E0	3,636188E1
-8,689678E0	3,442534E1
-8,704295E0	3,304556E1
-8,718911E0	3,325342E1
-8,733528E0	3,478662E1
-8,748145E0	3,548947E1
-8,762762E0	3,719939E1
-8,777379E0	4,350849E1
-8,791996E0	5,112349E1
-8,806613E0	5,248857E1
-8,821229E0	4,831649E1
-8,835846E0	4,418046E1
-8,850463E0	4,147918E1
-8,865080E0	4,052841E1
-8,879697E0	4,140311E1
-8,894314E0	4,303754E1
-8,908930E0	4,540379E1
-8,923547E0	4,743427E1
-8,938164E0	4,836898E1
-8,952781E0	4,765690E1
-8,967398E0	4,514579E1
-8,982015E0	4,140934E1
-8,996631E0	4,100132E1
-9,011248E0	4,353535E1
-9,025865E0	4,422153E1
-9,040482E0	4,509256E1
-9,055099E0	4,728850E1
-9,069716E0	4,800113E1
-9,084332E0	4,722571E1
-9,098949E0	4,681769E1
-9,113566E0	4,968575E1
-9,128183E0	5,560352E1
-9,142800E0	5,756914E1
-9,157417E0	5,447652E1
-9,172033E0	5,006696E1
-9,186650E0	4,727708E1
-9,201267E0	4,633688E1
-9,215884E0	4,709322E1
-9,230501E0	5,012311E1
-9,245118E0	4,952913E1
-9,259735E0	4,546770E1
-9,274351E0	4,467818E1
-9,288968E0	4,539922E1
-9,303585E0	4,881888E1
-9,318202E0	5,678884E1
-9,332819E0	5,768954E1
-9,347436E0	4,896687E1
-9,362052E0	4,447812E1
-9,376669E0	4,844788E1
-9,391286E0	5,236663E1
-9,405903E0	5,302842E1
-9,420520E0	5,361937E1
-9,435137E0	5,302549E1
-9,449753E0	5,319207E1
-9,464370E0	5,256175E1
-9,478987E0	5,475949E1
-9,493604E0	6,043653E1
-9,508221E0	6,051917E1
-9,522838E0	5,631201E1
-9,537454E0	5,378217E1
-9,552071E0	5,874275E1
-9,566688E0	6,335929E1
-9,581305E0	6,045087E1
-9,595922E0	5,341780E1
-9,610539E0	4,508585E1
-9,625155E0	3,743078E1
-9,639772E0	3,510231E1
-9,654389E0	3,601152E1
-9,669006E0	3,935726E1
-9,683623E0	4,315704E1
-9,698240E0	4,645406E1
-9,712856E0	5,055982E1
-9,727473E0	5,548362E1
-9,742090E0	6,073856E1
-9,756707E0	6,399704E1
-9,771324E0	6,234207E1
-9,785941E0	5,804169E1
-9,800558E0	5,159729E1
-9,815174E0	4,594945E1
-9,829791E0	4,655846E1
-9,844408E0	4,969137E1
-9,859025E0	5,256619E1
-9,873642E0	5,150818E1
-9,888259E0	4,836857E1
-9,902875E0	4,847374E1
-9,917492E0	5,122993E1
-9,932109E0	5,204477E1
-9,946726E0	5,061324E1
-9,961343E0	4,974150E1
-9,975960E0	4,843161E1
-9,990576E0	4,944369E1
-1,000519E1	5,306469E1
-1,001981E1	5,495382E1
-1,003443E1	5,404974E1
-1,004904E1	5,172245E1
-1,006366E1	4,796406E1
-1,007828E1	4,262416E1
-1,009289E1	3,871308E1
-1,010751E1	4,038689E1
-1,012213E1	4,665943E1
-1,013674E1	5,048355E1
-1,015136E1	4,852112E1
-1,016598E1	4,526887E1
-1,018060E1	4,414957E1
-1,019521E1	4,253326E1
-1,020983E1	4,075346E1
-1,022445E1	4,064990E1
-1,023906E1	4,199841E1
-1,025368E1	4,101304E1
-1,026830E1	4,056916E1
-1,028291E1	4,372601E1
-1,029753E1	4,437472E1
-1,031215E1	4,161237E1
-1,032676E1	3,686816E1
-1,034138E1	3,307056E1
-1,035600E1	3,086156E1
-1,037061E1	3,173076E1
-1,038523E1	3,501048E1
-1,039985E1	4,077657E1
-1,041446E1	4,959109E1
-1,042908E1	5,345450E1
-1,044370E1	5,295932E1
-1,045832E1	5,711273E1
-1,047293E1	6,350600E1
-1,048755E1	6,457125E1
-1,050217E1	5,879866E1
-1,051678E1	4,581070E1
-1,053140E1	3,334800E1
-1,054602E1	3,173777E1
-1,056063E1	3,673192E1
-1,057525E1	4,413432E1
-1,058987E1	4,750871E1
-1,060448E1	5,046483E1
-1,061910E1	5,359430E1
-1,063372E1	4,939936E1
-1,064833E1	4,245303E1
-1,066295E1	3,532859E1
-1,067757E1	3,177500E1
-1,069218E1	3,133582E1
-1,070680E1	3,274452E1
-1,072142E1	3,530064E1
-1,073604E1	3,601861E1
-1,075065E1	3,402236E1
-1,076527E1	3,346561E1
-1,077989E1	3,129145E1
-1,079450E1	2,923021E1
-1,080912E1	2,733007E1
-1,082374E1	2,496311E1
-1,083835E1	2,370083E1
-1,085297E1	2,498058E1
-1,086759E1	2,798595E1
-1,088220E1	3,077119E1
-1,089682E1	3,098316E1
-1,091144E1	2,582282E1
-1,092605E1	2,529788E1
-1,094067E1	2,890100E1
-1,095529E1	2,789587E1
-1,096990E1	2,562384E1
-1,098452E1	2,542279E1
-1,099914E1	2,554946E1
-1,101376E1	2,526126E1
-1,102837E1	2,436239E1
-1,104299E1	2,372580E1
-1,105761E1	2,235397E1
-1,107222E1	2,072965E1
-1,108684E1	1,863364E1
-1,110146E1	1,657791E1
-1,111607E1	1,869956E1
-1,113069E1	1,988881E1
-1,114531E1	1,839997E1
-1,115992E1	1,672004E1
-1,117454E1	1,573606E1
-1,118916E1	1,464898E1
-1,120377E1	1,445539E1
-1,121839E1	1,423281E1
-1,123301E1	1,347224E1
-1,124762E1	1,422505E1
-1,126224E1	1,598174E1
-1,127686E1	1,649748E1
-1,129148E1	1,539263E1
-1,130609E1	1,346883E1
-1,132071E1	1,098261E1
-1,133533E1	8,522623E0
-1,134994E1	9,711102E0
-1,136456E1	8,917243E0
-1,137918E1	7,515011E0
-1,139379E1	7,737581E0
-1,140841E1	8,802213E0
-1,142303E1	8,290688E0
-1,143764E1	7,435136E0
-1,145226E1	8,315524E0
-1,146688E1	7,928813E0
-1,148149E1	7,431056E0
-1,149611E1	8,712000E0
-1,151073E1	7,921476E0
-1,152534E1	5,274866E0
-1,153996E1	3,695182E0
-1,155458E1	3,587223E0
-1,156919E1	2,404004E0
-1,158381E1	2,453528E0
-1,159843E1	2,503051E0
-1,161305E1	2,827216E0
-1,162766E1	3,711845E0
-1,164228E1	4,000000E0
-1,165690E1	3,539233E0
-1,167151E1	2,655067E0
-1,168613E1	3,800194E0
-1,170075E1	3,582430E0
-1,171536E1	2,633179E0
-1,172998E1	1,958468E0
-1,174460E1	2,258802E0
-1,175921E1	3,478184E0
-1,177383E1	4,931373E0
-1,178845E1	5,181283E0
-1,180306E1	5,092263E0
-1,181768E1	3,316158E0
-1,183230E1	2,855491E0
-1,184691E1	3,343731E0
-1,186153E1	3,139447E0
-1,187615E1	2,190197E0
-1,189077E1	1,743658E0
-1,190538E1	2,157642E0
-1,192000E1	1,000000E0
-1,193462E1	1,000000E0
-1,194923E1	1,000000E0
-1,196385E1	1,000000E0
-1,197847E1	1,000000E0
-1,199308E1	9,623225E-1
-1,200770E1	8,884924E-1
-1,202232E1	9,495607E-1
-1,203693E1	1,000000E0
-1,205155E1	1,000000E0
-1,206617E1	1,000000E0
-1,208078E1	1,000000E0
-1,209540E1	1,000000E0
-1,211002E1	1,000000E0
-1,212463E1	1,000000E0
-1,213925E1	1,075544E0
-1,215387E1	1,296345E0
-1,216849E1	1,096775E0
-1,218310E1	1,481553E0
-1,219772E1	1,756696E0
-1,221234E1	2,580600E0
-1,222695E1	2,769361E0
-1,224157E1	3,581238E0
-1,225619E1	3,956660E0
-1,227080E1	2,384495E0
-1,228542E1	2,693006E0
-1,230004E1	3,094783E0
-1,231465E1	4,143082E0
-1,232927E1	4,976765E0
-1,234389E1	4,983473E0
-1,235850E1	4,805813E0
-1,237312E1	4,307708E0
-1,238774E1	5,000000E0
-1,240235E1	5,000000E0
-1,241697E1	5,000000E0
-1,243159E1	4,959360E0
-1,244621E1	4,819066E0
-1,246082E1	4,689350E0
-1,247544E1	4,073540E0
-1,249006E1	3,949950E0
-1,250467E1	4,535935E0
-1,251929E1	4,118285E0
-1,253391E1	5,050297E0
-1,254852E1	5,486332E0
-1,256314E1	5,077946E0
-1,257776E1	5,321225E0
-1,259237E1	6,513614E0
-1,260699E1	8,148736E0
-1,262161E1	8,937112E0
-1,263622E1	8,765042E0
-1,265084E1	8,894242E0
-1,266546E1	9,095494E0
-1,268007E1	9,996503E0
-1,269469E1	1,043428E1
-1,270931E1	9,301475E0
-1,272393E1	8,935059E0
-1,273854E1	1,032678E1
-1,275316E1	9,558804E0
-1,276778E1	1,068031E1
-1,278239E1	1,101949E1
-1,279701E1	1,210613E1
-1,281163E1	1,413800E1
-1,282624E1	1,416585E1
-1,284086E1	1,236396E1
-1,285548E1	9,844694E0
-1,287009E1	1,070510E1
-1,288471E1	1,315656E1
-1,289933E1	1,450229E1
-1,291394E1	1,442860E1
-1,292856E1	1,298080E1
-1,294318E1	1,272242E1
-1,295779E1	1,428047E1
-1,297241E1	1,813748E1
-1,298703E1	1,933509E1
-1,300165E1	2,181782E1
-1,301626E1	2,044143E1
-1,303088E1	1,874154E1
-1,304550E1	1,778234E1
-1,306011E1	1,457367E1
-1,307473E1	1,455492E1
-1,308935E1	1,549822E1
-1,310396E1	1,470213E1
-1,311858E1	1,501196E1
-1,313320E1	1,864695E1
-1,314781E1	2,569381E1
-1,316243E1	2,975828E1
-1,317705E1	3,041091E1
-1,319166E1	2,937084E1
-1,320628E1	2,730515E1
-1,322090E1	2,465335E1
-1,323551E1	2,307634E1
-1,325013E1	2,464528E1
-1,326475E1	2,582238E1
-1,327936E1	2,392077E1
-1,329398E1	2,327833E1
-1,330860E1	2,679946E1
-1,332322E1	2,561888E1
-1,333783E1	2,437539E1
-1,335245E1	2,358274E1
-1,336707E1	2,402646E1
-1,338168E1	2,456995E1
-1,339630E1	2,501204E1
-1,341092E1	2,400652E1
-1,342553E1	2,328468E1
-1,344015E1	2,417285E1
-1,345477E1	2,824336E1
-1,346938E1	2,835001E1
-1,348400E1	2,547146E1
-1,349862E1	2,358297E1
-1,351323E1	2,264999E1
-1,352785E1	2,327648E1
-1,354247E1	2,587337E1
-1,355708E1	3,155591E1
-1,357170E1	3,054266E1
-1,358632E1	3,059304E1
-1,360094E1	2,977478E1
-1,361555E1	2,925327E1
-1,363017E1	3,024888E1
-1,364479E1	3,207843E1
-1,365940E1	3,164419E1
-1,367402E1	3,306055E1
-1,368864E1	3,315590E1
-1,370325E1	3,135771E1
-1,371787E1	3,003293E1
-1,373249E1	3,247282E1
-1,374710E1	3,738602E1
-1,376172E1	4,047876E1
-1,377634E1	4,009538E1
-1,379095E1	3,883391E1
-1,380557E1	3,388606E1
-1,382019E1	2,897264E1
-1,383480E1	2,793628E1
-1,384942E1	2,986381E1
-1,386404E1	3,075949E1
-1,387866E1	3,125020E1
-1,389327E1	3,099350E1
-1,390789E1	3,041296E1
-1,392251E1	3,213665E1
-1,393712E1	3,201519E1
-1,395174E1	3,001511E1
-1,396636E1	2,795948E1
-1,398097E1	2,723484E1
-1,399559E1	2,685978E1
-1,401021E1	2,744304E1
-1,402482E1	2,802922E1
-1,403944E1	2,848188E1
-1,405406E1	2,987602E1
-1,406867E1	2,891495E1
-1,408329E1	2,756415E1
-1,409791E1	2,816715E1
-1,411252E1	3,093674E1
-1,412714E1	3,408524E1
-1,414176E1	3,150377E1
-1,415638E1	3,005703E1
-1,417099E1	3,262983E1
-1,418561E1	3,761474E1
-1,420023E1	3,863777E1
-1,421484E1	3,751509E1
-1,422946E1	3,451041E1
-1,424408E1	3,059471E1
-1,425869E1	3,240281E1
-1,427331E1	2,872794E1
-1,428793E1	2,855076E1
-1,430254E1	3,313536E1
-1,431716E1	3,517023E1
-1,433178E1	3,378905E1
-1,434639E1	3,306736E1
-1,436101E1	3,438864E1
-1,437563E1	3,595520E1
-1,439024E1	3,350318E1
-1,440486E1	3,172716E1
-1,441948E1	3,290572E1
-1,443410E1	3,655508E1
-1,444871E1	3,879166E1
-1,446333E1	3,577656E1
-1,447795E1	3,165846E1
-1,449256E1	3,136455E1
-1,450718E1	3,326444E1
-1,452180E1	3,364257E1
-1,453641E1	3,235650E1
-1,455103E1	3,178964E1
-1,456565E1	3,218989E1
-1,458026E1	3,245919E1
-1,459488E1	3,129862E1
-1,460950E1	3,237729E1
-1,462411E1	2,764002E1
-1,463873E1	2,725535E1
-1,465335E1	3,246312E1
-1,466796E1	3,132408E1
-1,468258E1	3,011694E1
-1,469720E1	3,110437E1
-1,471182E1	2,823126E1
-1,472643E1	3,080744E1
-1,474105E1	2,948032E1
-1,475567E1	2,731051E1
-1,477028E1	2,492293E1
-1,478490E1	2,311755E1
-1,479952E1	2,080572E1
-1,481413E1	2,068140E1
-1,482875E1	2,121255E1
-1,484337E1	2,205538E1
-1,485798E1	2,050429E1
-1,487260E1	2,038703E1
-1,488722E1	1,876858E1
-1,490183E1	1,861630E1
-1,491645E1	1,730369E1
-1,493107E1	1,702516E1
-1,494568E1	1,691697E1
-1,496030E1	1,693462E1
-1,497492E1	2,273539E1
-1,498954E1	2,372270E1
-1,500415E1	1,869241E1
-1,501877E1	1,381998E1
-1,503339E1	1,197590E1
-1,504800E1	1,147493E1
-1,506262E1	1,083140E1
-1,507724E1	1,062545E1
-1,509185E1	1,245031E1
-1,510647E1	1,608234E1
-1,512109E1	1,780939E1
-1,513570E1	1,795878E1
-1,515032E1	1,787126E1
-1,516494E1	1,724778E1
-1,517955E1	1,632214E1
-1,519417E1	1,340812E1
-1,520879E1	1,132706E1
-1,522340E1	1,136488E1
-1,523802E1	1,029498E1
-1,525264E1	8,107368E0
-1,526725E1	6,924843E0
-1,528187E1	8,095352E0
-1,529649E1	8,007305E0
-1,531111E1	7,801270E0
-1,532572E1	6,635447E0
-1,534034E1	5,302587E0
-1,535496E1	6,091755E0
-1,536957E1	6,956221E0
-1,538419E1	6,861013E0
-1,539881E1	5,674146E0
-1,541342E1	5,020238E0
-1,542804E1	4,205628E0
-1,544266E1	5,460407E0
-1,545727E1	5,705842E0
-1,547189E1	5,712000E0
-1,548651E1	4,464829E0
-1,550112E1	4,012422E0
-1,551574E1	4,669402E0
-1,553036E1	5,475560E0
-1,554497E1	5,129647E0
-1,555959E1	4,977362E0
-1,557421E1	4,055625E0
-1,558883E1	4,009488E0
-1,560344E1	4,002701E0
-1,561806E1	3,059935E0
-1,563268E1	2,204741E0
-1,564729E1	2,014975E0
-1,566191E1	2,234446E0
-1,567653E1	2,303036E0
-1,569114E1	2,352560E0
-1,570576E1	2,402084E0
-1,572038E1	3,383094E0
-1,573499E1	3,969783E0
-1,574961E1	3,070965E0
-1,576423E1	1,144380E0
-1,577884E1	6,713227E-1
-1,579346E1	1,624586E0
-1,580808E1	1,984112E0
-1,582269E1	2,000000E0
-1,583731E1	1,078318E0
-1,585193E1	1,000000E0
-1,586655E1	1,000000E0
-1,588116E1	1,004001E0
-1,589578E1	1,044668E0
-1,591040E1	1,094192E0
-1,592501E1	8,823964E-1
-1,593963E1	6,852398E-2
-1,595425E1	0,000000E0
-1,596886E1	9,106521E-1
-1,598348E1	1,000000E0
-1,599810E1	1,000000E0
-1,601271E1	1,000000E0
-1,602733E1	1,000000E0
-1,604195E1	1,000000E0
-1,605656E1	1,000000E0
-1,607118E1	1,000000E0
-1,608580E1	1,000000E0
-1,610041E1	1,000000E0
-1,611503E1	1,000000E0
-1,612965E1	1,000000E0
-1,614427E1	1,000000E0
-1,615888E1	1,000000E0
-1,617350E1	1,000000E0
-1,618812E1	1,000000E0
-1,620273E1	1,000000E0
-1,621735E1	1,000000E0
-1,623197E1	1,000000E0
-1,624658E1	1,000000E0
-1,626120E1	1,000000E0
-1,627582E1	1,000000E0
-1,629043E1	1,000000E0
-1,630505E1	1,000000E0
-1,631967E1	1,000000E0
-1,633428E1	1,000000E0
-1,634890E1	1,000000E0
-1,636352E1	1,000000E0
-1,637813E1	1,000000E0
-1,639275E1	1,000000E0
-1,640737E1	1,000000E0
-1,642199E1	1,000000E0
-1,643660E1	1,000000E0
-1,645122E1	1,000000E0
-1,646584E1	1,000000E0
-1,648045E1	1,322422E-1
-1,649507E1	0,000000E0
-1,650969E1	7,589849E-1
-1,652430E1	8,282593E-1
-1,653892E1	9,685691E-1
-1,655354E1	1,000000E0
-1,656815E1	1,000000E0
-1,658277E1	1,000000E0
-1,659739E1	1,000000E0
-1,661200E1	1,000000E0
-1,662662E1	1,000000E0
-1,664124E1	1,457233E-1
-1,665585E1	8,530512E-1
-1,667047E1	1,000000E0
-1,668509E1	1,000000E0
-1,669971E1	1,506255E-1
-1,671432E1	6,909049E-1
-1,672894E1	1,324133E-1
-1,674356E1	0,000000E0
-1,675817E1	8,727719E-1
-1,677279E1	9,872898E-1
-1,678741E1	1,725702E0
-1,680202E1	1,031175E0
-1,681664E1	8,390086E-1
-1,683126E1	7,894848E-1
-1,684587E1	7,399610E-1
-1,686049E1	9,474641E-1
-1,687511E1	1,000000E0
-1,688972E1	1,495355E0
-1,690434E1	1,541866E0
-1,691896E1	6,613508E-1
-1,693357E1	4,428182E-1
-1,694819E1	6,496347E-2
-1,696281E1	0,000000E0
-1,697743E1	8,260890E-1
-1,699204E1	1,000000E0
-1,700666E1	1,763621E-1
-1,702128E1	1,195512E-1
-1,703589E1	1,738525E0
-1,705051E1	2,866589E0
-1,706513E1	5,526333E-1
-1,707974E1	2,407844E0
-1,709436E1	3,631576E0
-1,710898E1	2,315989E0
-1,712359E1	1,837400E0
-1,713821E1	2,972116E0
-1,715283E1	3,103560E0
-1,716744E1	1,366062E0
-1,718206E1	2,157179E0
-1,719668E1	2,393462E0
-1,721129E1	2,766252E0
-1,722591E1	3,214242E0
-1,724053E1	2,633699E0
-1,725514E1	2,599954E0
-1,726976E1	2,768083E0
-1,728438E1	2,282043E0
-1,729900E1	1,080577E0
-1,731361E1	1,470272E0
-1,732823E1	2,427053E0
-1,734285E1	5,250798E0
-1,735746E1	6,548678E0
-1,737208E1	6,671555E0
-1,738670E1	5,830258E0
-1,740131E1	5,460850E0
-1,741593E1	4,054795E0
-1,743055E1	3,883153E0
-1,744516E1	3,984759E0
-1,745978E1	4,865514E0
-1,747440E1	6,238940E0
-1,748901E1	6,844271E0
-1,750363E1	7,446675E0
-1,751825E1	7,740931E0
-1,753286E1	9,502353E0
-1,754748E1	1,005195E1
-1,756210E1	9,763900E0
-1,757672E1	9,369040E0
-1,759133E1	9,038328E0
-1,760595E1	8,895558E0
-1,762057E1	8,401104E0
-1,763518E1	7,361998E0
-1,764980E1	6,110534E0
-1,766442E1	6,503927E0
-1,767903E1	6,643301E0
-1,769365E1	5,980156E0
-1,770827E1	6,315920E0
-1,772288E1	7,050190E0
-1,773750E1	6,154897E0
-1,775212E1	4,307279E0
-1,776673E1	4,481791E0
-1,778135E1	4,540550E0
-1,779597E1	5,120667E0
-1,781058E1	5,386545E0
-1,782520E1	5,680583E0
-1,783982E1	5,384743E0
-1,785444E1	4,723206E0
-1,786905E1	4,209777E0
-1,788367E1	4,403697E0
-1,789829E1	3,789282E0
-1,791290E1	4,031695E0
-1,792752E1	6,494660E0
-1,794214E1	1,014624E1
-1,795675E1	1,172684E1
-1,797137E1	1,098421E1
-1,798599E1	8,897911E0
-1,800060E1	6,047318E0
-1,801522E1	5,774774E0
-1,802984E1	5,767904E0
-1,804445E1	5,893374E0
-1,805907E1	7,474570E0
-1,807369E1	9,457927E0
-1,808830E1	1,120017E1
-1,810292E1	1,129947E1
-1,811754E1	1,075539E1
-1,813216E1	7,047462E0
-1,814677E1	5,306795E0
-1,816139E1	6,422446E0
-1,817601E1	6,356500E0
-1,819062E1	5,615102E0
-1,820524E1	6,022445E0
-1,821986E1	7,614032E0
-1,823447E1	8,014541E0
-1,824909E1	7,284937E0
-1,826371E1	5,375466E0
-1,827832E1	4,209819E0
-1,829294E1	4,417961E0
-1,830756E1	5,652290E0
-1,832217E1	5,897936E0
-1,833679E1	5,297664E0
-1,835141E1	6,934472E0
-1,836602E1	7,321944E0
-1,838064E1	6,283629E0
-1,839526E1	6,286563E0
-1,840988E1	6,445593E0
-1,842449E1	5,642947E0
-1,843911E1	5,019063E0
-1,845373E1	4,662746E0
-1,846834E1	3,361203E0
-1,848296E1	2,958157E0
-1,849758E1	2,885016E0
-1,851219E1	2,749890E0
-1,852681E1	3,040846E0
-1,854143E1	3,626139E0
-1,855604E1	3,935866E0
-1,857066E1	3,877312E0
-1,858528E1	2,687576E0
-1,859989E1	2,062381E0
-1,861451E1	1,919718E0
-1,862913E1	2,921836E0
-1,864374E1	3,904382E0
-1,865836E1	3,886178E0
-1,867298E1	3,954631E0
-1,868760E1	4,874845E0
-1,870221E1	4,759235E0
-1,871683E1	4,860053E0
-1,873145E1	4,387432E0
-1,874606E1	3,546711E0
-1,876068E1	3,559677E0
-1,877530E1	4,298827E0
-1,878991E1	3,848103E0
-1,880453E1	2,418609E0
-1,881915E1	1,573821E0
-1,883376E1	1,462050E0
-1,884838E1	1,463671E0
-1,886300E1	1,488851E0
-1,887761E1	1,788869E0
-1,889223E1	3,169831E0
-1,890685E1	3,774786E0
-1,892146E1	3,010931E0
-1,893608E1	3,528822E0
-1,895070E1	5,089371E0
-1,896532E1	5,619005E0
-1,897993E1	5,539866E0
-1,899455E1	5,107598E0
-1,900917E1	4,955092E0
-1,902378E1	5,037342E0
-1,903840E1	4,854018E0
-1,905302E1	4,776921E0
-1,906763E1	4,433338E0
-1,908225E1	4,310956E0
-1,909687E1	4,408706E0
-1,911148E1	3,550731E0
-1,912610E1	2,200839E0
-1,914072E1	1,764050E0
-1,915533E1	2,806603E0
-1,916995E1	3,179308E0
-1,918457E1	2,552868E0
-1,919918E1	2,508679E0
-1,921380E1	2,879127E0
-1,922842E1	3,259987E0
-1,924303E1	3,502555E0
-1,925765E1	3,629863E0
-1,927227E1	2,952762E0
-1,928689E1	2,607405E0
-1,930150E1	3,017386E0
-1,931612E1	3,618347E0
-1,933074E1	3,897282E0
-1,934535E1	3,176175E0
-1,935997E1	2,912129E0
-1,937459E1	2,085346E0
-1,938920E1	8,538911E-1
-1,940382E1	8,591530E-1
-1,941844E1	1,656585E0
-1,943305E1	1,377791E0
-1,944767E1	4,694986E-1
-1,946229E1	2,275418E-1
-1,947690E1	8,398735E-1
-1,949152E1	7,302604E-1
-1,950614E1	3,624485E-1
-1,952075E1	7,329723E-1
-1,953537E1	6,096198E-1
-1,954999E1	4,109138E-1
-1,956461E1	7,406754E-1
-1,957922E1	1,318125E0
-1,959384E1	1,826962E0
-1,960846E1	1,631261E0
-1,962307E1	7,372033E-1
-1,963769E1	4,672419E-1
-1,965231E1	4,848391E-1
-1,966692E1	8,725322E-1
-1,968154E1	1,143372E0
-1,969616E1	1,093848E0
-1,971077E1	4,474137E-1
-1,972539E1	3,863678E-3
-1,974001E1	0,000000E0
-1,975462E1	0,000000E0
-1,976924E1	0,000000E0
-1,978386E1	0,000000E0
-1,979847E1	0,000000E0
-1,981309E1	0,000000E0
-1,982771E1	0,000000E0
-1,984233E1	0,000000E0
-1,985694E1	0,000000E0
-1,987156E1	0,000000E0
-1,988618E1	0,000000E0
-1,990079E1	0,000000E0
-1,991541E1	0,000000E0
-1,993003E1	0,000000E0
-1,994464E1	0,000000E0
-1,995926E1	0,000000E0
-1,997388E1	0,000000E0
-1,998849E1	5,172821E-1
-2,000311E1	9,449263E-1
-2,001773E1	9,907236E-1
-2,003234E1	1,000000E0
-2,004696E1	1,000000E0
-2,006158E1	1,000000E0
-2,007619E1	1,000000E0
-2,009081E1	1,000000E0
-2,010543E1	4,361793E-1
-2,012005E1	3,708130E-1
-2,013466E1	6,105850E-1
-2,014928E1	2,467978E-1
-2,016390E1	0,000000E0
-2,017851E1	0,000000E0
-2,019313E1	0,000000E0
-2,020775E1	0,000000E0
-2,022236E1	0,000000E0
-2,023698E1	0,000000E0
-2,025160E1	0,000000E0
-2,026621E1	0,000000E0
-2,028083E1	0,000000E0
-2,029545E1	5,163737E-1
-2,031006E1	9,869407E-1
-2,032468E1	9,771353E-1
-2,033930E1	1,015854E0
-2,035391E1	1,131047E0
-2,036853E1	1,080235E0
-2,038315E1	1,000000E0
-2,039777E1	1,151983E0
-2,041238E1	1,151335E0
-2,042700E1	7,963691E-1
-2,044162E1	5,718105E-1
-2,045623E1	2,431577E-1
-2,047085E1	0,000000E0
-2,048547E1	0,000000E0
-2,050008E1	5,307307E-1
-2,051470E1	1,000000E0
-2,052932E1	4,717204E-1
-2,054393E1	0,000000E0
-2,055855E1	0,000000E0
-2,057317E1	0,000000E0
-2,058778E1	1,011070E0
-2,060240E1	2,495103E0
-2,061702E1	2,479021E0
-2,063163E1	1,001941E0
-2,064625E1	5,435610E-2
-2,066087E1	0,000000E0
-2,067549E1	0,000000E0
-2,069010E1	0,000000E0
-2,070472E1	0,000000E0
-2,071934E1	0,000000E0
-2,073395E1	0,000000E0
-2,074857E1	0,000000E0
-2,076319E1	0,000000E0
-2,077780E1	0,000000E0
-2,079242E1	0,000000E0
-2,080704E1	0,000000E0
-2,082165E1	0,000000E0
-2,083627E1	0,000000E0
-2,085089E1	0,000000E0
-2,086550E1	0,000000E0
-2,088012E1	0,000000E0
-2,089474E1	0,000000E0
-2,090935E1	5,075418E-1
-2,092397E1	5,648344E-1
-2,093859E1	5,456402E-1
-2,095320E1	1,492739E0
-2,096782E1	2,000000E0
-2,098244E1	1,872010E0
-2,099706E1	1,203295E0
-2,101167E1	6,428330E-1
-2,102629E1	5,933092E-1
-2,104091E1	2,798805E-1
-2,105552E1	0,000000E0
-2,107014E1	0,000000E0
-2,108476E1	0,000000E0
-2,109937E1	1,655121E-1
-2,111399E1	2,961664E-1
-2,112861E1	1,303268E-1
-2,114322E1	0,000000E0
-2,115784E1	0,000000E0
-2,117246E1	4,252117E-2
-2,118707E1	4,854732E-2
-2,120169E1	5,711860E-3
-2,121631E1	0,000000E0
-2,123092E1	0,000000E0
-2,124554E1	0,000000E0
-2,126016E1	0,000000E0
-2,127478E1	0,000000E0
-2,128939E1	0,000000E0
-2,130401E1	0,000000E0
-2,131863E1	4,620998E-1
-2,133324E1	1,255540E0
-2,134786E1	1,272843E0
-2,136248E1	5,415769E-1
-2,137709E1	0,000000E0
-2,139171E1	0,000000E0
-2,140633E1	0,000000E0
-2,142094E1	1,153045E-1
-2,143556E1	5,682316E-1
-2,145018E1	1,000000E0
-2,146479E1	1,000000E0
-2,147941E1	5,513813E-1
-2,149403E1	0,000000E0
-2,150864E1	2,231678E-2
-2,152326E1	1,312875E-1
-2,153788E1	6,547026E-1
-2,155250E1	1,102015E0
-2,156711E1	8,939971E-1
-2,158173E1	4,007402E-1
-2,159635E1	4,388143E-1
-2,161096E1	1,000000E0
-2,162558E1	9,430150E-1
-2,164020E1	9,684793E-1
-2,165481E1	1,038375E0
-2,166943E1	5,673135E-1
-2,168405E1	0,000000E0
-2,169866E1	4,302354E-1
-2,171328E1	1,000000E0
-2,172790E1	1,000000E0
-2,174251E1	1,000000E0
-2,175713E1	6,220171E-1
-2,177175E1	7,004605E-2
-2,178636E1	2,079544E-2
-2,180098E1	2,777602E-2
-2,181560E1	4,062574E-2
-2,183022E1	5,637007E-2
-2,184483E1	2,524135E-1
-2,185945E1	2,602184E-1
-2,187407E1	1,154580E-1
-2,188868E1	3,249189E-1
-2,190330E1	2,195927E-1
-2,191792E1	0,000000E0
-2,193253E1	0,000000E0
-2,194715E1	1,954631E-1
-2,196177E1	8,356375E-1
-2,197638E1	1,477648E0
-2,199100E1	1,398560E0
-2,200562E1	8,190551E-1
-2,202023E1	5,495891E-1
-2,203485E1	4,695952E-1
-2,204947E1	6,124483E-1
-2,206408E1	1,080795E0
-2,207870E1	1,031272E0
-2,209332E1	9,882867E-1
-2,210794E1	9,334495E-1
-2,212255E1	8,839257E-1
-2,213717E1	1,160318E0
-2,215179E1	1,875977E0
-2,216640E1	2,206063E0
-2,218102E1	2,057491E0
-2,219564E1	1,661788E0
-2,221025E1	1,173566E0
-2,222487E1	1,074518E0
-2,223949E1	9,754705E-1
-2,225410E1	7,080743E-1
-2,226872E1	3,886876E-1
-2,228334E1	2,102072E-1
-2,229795E1	0,000000E0
-2,231257E1	0,000000E0
-2,232719E1	0,000000E0
-2,234180E1	0,000000E0
-2,235642E1	0,000000E0
-2,237104E1	0,000000E0
-2,238566E1	0,000000E0
-2,240027E1	0,000000E0
-2,241489E1	0,000000E0
-2,242951E1	0,000000E0
-2,244412E1	0,000000E0
-2,245874E1	0,000000E0
-2,247336E1	0,000000E0
-2,248797E1	0,000000E0
-2,250259E1	0,000000E0
-2,251721E1	1,985947E-1
-2,253182E1	4,984846E-1
-2,254644E1	6,464603E-1
-2,256106E1	8,568166E-1
-2,257567E1	5,428106E-1
-2,259029E1	3,003894E-1
-2,260491E1	2,508656E-1
-2,261952E1	1,320401E-1
-2,263414E1	0,000000E0
-2,264876E1	0,000000E0
-2,266338E1	3,354585E-1
-2,267799E1	6,439565E-1
-2,269261E1	0,000000E0
-2,270723E1	0,000000E0
-2,272184E1	0,000000E0
-2,273646E1	0,000000E0
-2,275108E1	0,000000E0
-2,276569E1	0,000000E0
-2,278031E1	0,000000E0
-2,279493E1	0,000000E0
-2,280954E1	0,000000E0
-2,282416E1	0,000000E0
-2,283878E1	0,000000E0
-2,285339E1	0,000000E0
-2,286801E1	0,000000E0
-2,288263E1	0,000000E0
-2,289724E1	0,000000E0
-2,291186E1	0,000000E0
-2,292648E1	0,000000E0
-2,294109E1	0,000000E0
-2,295571E1	0,000000E0
-2,297033E1	0,000000E0
-2,298495E1	0,000000E0
-2,299956E1	0,000000E0
-2,301418E1	0,000000E0
-2,302880E1	0,000000E0
-2,304341E1	0,000000E0
-2,305803E1	0,000000E0
-2,307265E1	0,000000E0
-2,308726E1	0,000000E0
-2,310188E1	0,000000E0
-2,311650E1	0,000000E0
-2,313111E1	0,000000E0
-2,314573E1	0,000000E0
-2,316035E1	0,000000E0
-2,317496E1	0,000000E0
-2,318958E1	0,000000E0
-2,320420E1	0,000000E0
-2,321881E1	0,000000E0
-2,323343E1	0,000000E0
-2,324805E1	0,000000E0
-2,326267E1	0,000000E0
-2,327728E1	0,000000E0
-2,329190E1	0,000000E0
-2,330652E1	0,000000E0
-2,332113E1	0,000000E0
-2,333575E1	0,000000E0
-2,335037E1	0,000000E0
-2,336498E1	0,000000E0
-2,337960E1	0,000000E0
-2,339422E1	0,000000E0
-2,340883E1	0,000000E0
-2,342345E1	0,000000E0
-2,343807E1	0,000000E0
-2,345268E1	0,000000E0
-2,346730E1	0,000000E0
-2,348192E1	0,000000E0
-2,349653E1	0,000000E0
-2,351115E1	0,000000E0
-2,352577E1	0,000000E0
-2,354039E1	0,000000E0
-2,355500E1	0,000000E0
-2,356962E1	0,000000E0
-2,358424E1	0,000000E0
-2,359885E1	0,000000E0
-2,361347E1	0,000000E0
-2,362809E1	0,000000E0
-2,364270E1	0,000000E0
-2,365732E1	0,000000E0
-2,367194E1	0,000000E0
-2,368655E1	0,000000E0
-2,370117E1	0,000000E0
-2,371579E1	0,000000E0
-2,373040E1	0,000000E0
-2,374502E1	0,000000E0
-2,375964E1	0,000000E0
-2,377425E1	0,000000E0
-2,378887E1	0,000000E0
-2,380349E1	0,000000E0
-2,381811E1	0,000000E0
-2,383272E1	0,000000E0
-2,384734E1	0,000000E0
-2,386196E1	0,000000E0
-2,387657E1	0,000000E0
-2,389119E1	0,000000E0
-2,390581E1	0,000000E0
-2,392042E1	0,000000E0
-2,393504E1	0,000000E0
-2,394966E1	0,000000E0
-2,396427E1	0,000000E0
-2,397889E1	0,000000E0
-2,399351E1	0,000000E0
-2,400812E1	0,000000E0
-2,402274E1	0,000000E0
-2,403736E1	0,000000E0
-2,405197E1	0,000000E0
-2,406659E1	0,000000E0
-2,408121E1	0,000000E0
-2,409583E1	0,000000E0
-2,411044E1	0,000000E0
-2,412506E1	0,000000E0
-2,413968E1	0,000000E0
-2,415429E1	0,000000E0
-2,416891E1	0,000000E0
-2,418353E1	0,000000E0
-2,419814E1	0,000000E0
-2,421276E1	0,000000E0
-2,422738E1	0,000000E0
-2,424199E1	0,000000E0
-2,425661E1	0,000000E0
-2,427123E1	0,000000E0
-2,428584E1	0,000000E0
-2,430046E1	0,000000E0
-2,431508E1	0,000000E0
-2,432969E1	0,000000E0
-2,434431E1	0,000000E0
-2,435893E1	0,000000E0
-2,437355E1	0,000000E0
-2,438816E1	0,000000E0
-2,440278E1	0,000000E0
-2,441740E1	0,000000E0
-2,443201E1	0,000000E0
-2,444663E1	0,000000E0
-2,446125E1	0,000000E0
-2,447586E1	0,000000E0
-2,449048E1	0,000000E0
-2,450510E1	0,000000E0
-2,451971E1	0,000000E0
-2,453433E1	0,000000E0
-2,454895E1	0,000000E0
-2,456356E1	0,000000E0
-2,457818E1	0,000000E0
-2,459280E1	0,000000E0
-2,460741E1	0,000000E0
-2,462203E1	0,000000E0
-2,463665E1	0,000000E0
-2,465127E1	0,000000E0
-2,466588E1	0,000000E0
-2,468050E1	0,000000E0
-2,469512E1	0,000000E0
-2,470973E1	0,000000E0
-2,472435E1	0,000000E0
-2,473897E1	0,000000E0
-2,475358E1	0,000000E0
-2,476820E1	0,000000E0
-2,478282E1	0,000000E0
-2,479743E1	0,000000E0
-2,481205E1	0,000000E0
-2,482667E1	0,000000E0
-2,484128E1	0,000000E0
-2,485590E1	0,000000E0
-2,487052E1	0,000000E0
-2,488513E1	0,000000E0
-2,489975E1	0,000000E0
-2,491437E1	0,000000E0
-2,492898E1	0,000000E0
-2,494360E1	0,000000E0
-2,495822E1	0,000000E0
-2,497284E1	0,000000E0
-2,498745E1	0,000000E0
-2,500207E1	0,000000E0
-2,501669E1	0,000000E0
-2,503130E1	0,000000E0
-2,504592E1	0,000000E0
-2,506054E1	0,000000E0
-2,507515E1	0,000000E0
-2,508977E1	0,000000E0
-2,510439E1	0,000000E0
-2,511900E1	0,000000E0
-2,513362E1	0,000000E0
-2,514824E1	0,000000E0
-2,516285E1	0,000000E0
-2,517747E1	0,000000E0
-2,519209E1	0,000000E0
-2,520670E1	0,000000E0
-2,522132E1	0,000000E0
-2,523594E1	0,000000E0
-2,525056E1	0,000000E0
-2,526517E1	0,000000E0
-2,527979E1	0,000000E0
-2,529441E1	0,000000E0
-2,530902E1	0,000000E0
-2,532364E1	0,000000E0
-2,533826E1	0,000000E0
-2,535287E1	0,000000E0
-2,536749E1	0,000000E0
-2,538211E1	0,000000E0
-2,539672E1	0,000000E0
-2,541134E1	0,000000E0
-2,542596E1	0,000000E0
-2,544057E1	0,000000E0
-2,545519E1	0,000000E0
-2,546981E1	0,000000E0
-2,548442E1	0,000000E0
-2,549904E1	0,000000E0
-2,551366E1	0,000000E0
-2,552828E1	0,000000E0
-2,554289E1	0,000000E0
-2,555751E1	0,000000E0
-2,557213E1	0,000000E0
-2,558674E1	0,000000E0
-2,560136E1	0,000000E0
-2,561598E1	0,000000E0
-2,563059E1	0,000000E0
-2,564521E1	0,000000E0
-2,565983E1	0,000000E0
-2,567444E1	0,000000E0
-2,568906E1	0,000000E0
-2,570368E1	0,000000E0
-2,571829E1	0,000000E0
-2,573291E1	0,000000E0
-2,574753E1	0,000000E0
-2,576214E1	0,000000E0
-2,577676E1	0,000000E0
-2,579138E1	0,000000E0
-2,580600E1	0,000000E0
-2,582061E1	0,000000E0
-2,583523E1	0,000000E0
-2,584985E1	0,000000E0
-2,586446E1	0,000000E0
-2,587908E1	0,000000E0
-2,589370E1	0,000000E0
-2,590831E1	0,000000E0
-2,592293E1	0,000000E0
-2,593755E1	0,000000E0
-2,595216E1	0,000000E0
-2,596678E1	0,000000E0
-2,598140E1	0,000000E0
-2,599601E1	0,000000E0
-2,601063E1	0,000000E0
-2,602525E1	0,000000E0
-2,603986E1	0,000000E0
-2,605448E1	0,000000E0
-2,606910E1	0,000000E0
-2,608372E1	0,000000E0
-2,609833E1	0,000000E0
-2,611295E1	0,000000E0
-2,612757E1	0,000000E0
-2,614218E1	0,000000E0
-2,615680E1	0,000000E0
-2,617142E1	0,000000E0
-2,618603E1	0,000000E0
-2,620065E1	0,000000E0
-2,621527E1	0,000000E0
-2,622988E1	0,000000E0
-2,624450E1	0,000000E0
-2,625912E1	0,000000E0
-2,627373E1	0,000000E0
-2,628835E1	0,000000E0
-2,630297E1	0,000000E0
-2,631758E1	0,000000E0
-2,633220E1	0,000000E0
-2,634682E1	0,000000E0
-2,636144E1	0,000000E0
-2,637605E1	0,000000E0
