1,703997E1	1,000000E0
1,702535E1	1,303273E0
1,701074E1	2,000000E0
1,699612E1	2,000000E0
1,698150E1	1,703929E0
1,696689E1	1,000000E0
1,695227E1	8,959867E-1
1,693765E1	5,077680E-1
1,692304E1	0,000000E0
1,690842E1	2,840677E-1
1,689380E1	1,000000E0
1,687919E1	1,000000E0
1,686457E1	1,000000E0
1,684995E1	1,000000E0
1,683533E1	1,000000E0
1,682072E1	1,000000E0
1,680610E1	1,000000E0
1,679148E1	1,000000E0
1,677687E1	1,000000E0
1,676225E1	1,000000E0
1,674763E1	1,000000E0
1,673302E1	1,000000E0
1,671840E1	1,000000E0
1,670378E1	1,000000E0
1,668917E1	1,000000E0
1,667455E1	1,000000E0
1,665993E1	1,015947E0
1,664532E1	1,000000E0
1,663070E1	1,000000E0
1,661608E1	1,000000E0
1,660147E1	1,000000E0
1,658685E1	1,000000E0
1,657223E1	1,000000E0
1,655762E1	1,113008E0
1,654300E1	1,450386E0
1,652838E1	1,793526E0
1,651376E1	2,502614E0
1,649915E1	2,662961E0
1,648453E1	1,954748E0
1,646991E1	1,110006E0
1,645530E1	9,900916E-1
1,644068E1	8,091036E-1
1,642606E1	1,338656E-1
1,641145E1	2,031989E-1
1,639683E1	4,197034E-1
1,638221E1	9,349525E-1
1,636760E1	7,068220E-1
1,635298E1	9,354897E-1
1,633836E1	4,501344E-1
1,632375E1	5,688418E-1
1,630913E1	1,311468E0
1,629451E1	1,335083E0
1,627990E1	1,827199E0
1,626528E1	1,734089E0
1,625066E1	8,239626E-1
1,623604E1	1,888172E-1
1,622143E1	1,069104E0
1,620681E1	1,688069E0
1,619219E1	1,000000E0
1,617758E1	1,000000E0
1,616296E1	1,000000E0
1,614834E1	1,159233E0
1,613373E1	2,000000E0
1,611911E1	1,845569E0
1,610449E1	9,032147E-1
1,608988E1	4,234984E-1
1,607526E1	1,173639E0
1,606064E1	9,812779E-1
1,604603E1	9,341316E-1
1,603141E1	9,929792E-1
1,601679E1	1,126846E0
1,600218E1	1,860269E0
1,598756E1	1,683637E0
1,597294E1	1,000000E0
1,595832E1	1,000000E0
1,594371E1	1,000000E0
1,592909E1	1,000000E0
1,591447E1	1,062392E0
1,589986E1	1,743485E0
1,588524E1	2,578377E0
1,587062E1	1,565599E0
1,585601E1	0,000000E0
1,584139E1	0,000000E0
1,582677E1	1,064509E-1
1,581216E1	1,033583E0
1,579754E1	1,000000E0
1,578292E1	1,000000E0
1,576831E1	1,000000E0
1,575369E1	9,055855E-1
1,573907E1	2,994279E-2
1,572446E1	5,442767E-1
1,570984E1	1,523997E0
1,569522E1	1,548470E0
1,568060E1	1,000000E0
1,566599E1	9,199896E-1
1,565137E1	0,000000E0
1,563675E1	0,000000E0
1,562214E1	0,000000E0
1,560752E1	1,247774E-2
1,559290E1	1,402030E-1
1,557829E1	1,000000E0
1,556367E1	9,367943E-1
1,554905E1	0,000000E0
1,553444E1	4,405051E-2
1,551982E1	6,890778E-1
1,550520E1	2,459023E0
1,549059E1	2,101123E0
1,547597E1	1,630930E0
1,546135E1	1,653862E0
1,544674E1	7,695962E-1
1,543212E1	8,065736E-1
1,541750E1	4,271248E-3
1,540288E1	6,096384E-2
1,538827E1	1,000000E0
1,537365E1	1,000000E0
1,535903E1	1,000000E0
1,534442E1	1,000000E0
1,532980E1	1,000000E0
1,531518E1	1,000000E0
1,530057E1	1,000000E0
1,528595E1	1,000000E0
1,527133E1	1,004299E0
1,525672E1	1,660608E0
1,524210E1	9,888101E-1
1,522748E1	1,016324E-2
1,521287E1	1,318162E-1
1,519825E1	1,003467E0
1,518363E1	1,981055E0
1,516902E1	1,000398E0
1,515440E1	2,304413E-2
1,513978E1	1,966908E0
1,512516E1	2,434047E-2
1,511055E1	3,966151E-3
1,509593E1	9,880144E-1
1,508131E1	1,983188E0
1,506670E1	1,998096E0
1,505208E1	1,020321E0
1,503746E1	1,000000E0
1,502285E1	1,751603E0
1,500823E1	1,844795E0
1,499361E1	1,914128E0
1,497900E1	1,979308E0
1,496438E1	1,949606E0
1,494976E1	1,880272E0
1,493515E1	2,168130E0
1,492053E1	2,744991E0
1,490591E1	1,751177E0
1,489130E1	2,348348E0
1,487668E1	2,903802E0
1,486206E1	3,017608E0
1,484745E1	2,814346E0
1,483283E1	2,651212E0
1,481821E1	2,512545E0
1,480359E1	2,014181E0
1,478898E1	2,112745E0
1,477436E1	2,892960E0
1,475974E1	3,020106E0
1,474513E1	3,854704E0
1,473051E1	3,698141E0
1,471589E1	2,827146E0
1,470128E1	2,973143E0
1,468666E1	2,409873E0
1,467204E1	3,617192E0
1,465743E1	3,488019E0
1,464281E1	3,402347E0
1,462819E1	3,026025E0
1,461358E1	3,000000E0
1,459896E1	4,814324E0
1,458434E1	5,904761E0
1,456973E1	6,000000E0
1,455511E1	5,108629E0
1,454049E1	3,201303E0
1,452587E1	2,217424E0
1,451126E1	3,980442E0
1,449664E1	5,812588E0
1,448202E1	5,112043E0
1,446741E1	5,000000E0
1,445279E1	5,000000E0
1,443817E1	4,528007E0
1,442356E1	4,042614E0
1,440894E1	4,000000E0
1,439432E1	4,651698E0
1,437971E1	4,107327E0
1,436509E1	4,000000E0
1,435047E1	4,000000E0
1,433586E1	4,863967E0
1,432124E1	3,525145E0
1,430662E1	3,349328E0
1,429201E1	3,267301E0
1,427739E1	3,301859E0
1,426277E1	3,910387E0
1,424815E1	4,370253E0
1,423354E1	4,929250E0
1,421892E1	4,514745E0
1,420430E1	4,894230E0
1,418969E1	5,839943E0
1,417507E1	6,000000E0
1,416045E1	5,880117E0
1,414584E1	5,925859E0
1,413122E1	5,988763E0
1,411660E1	5,944973E0
1,410199E1	5,043003E0
1,408737E1	5,457119E0
1,407275E1	4,038603E0
1,405814E1	3,117633E0
1,404352E1	4,631873E0
1,402890E1	6,241442E0
1,401429E1	4,019137E0
1,399967E1	3,383208E0
1,398505E1	7,090140E0
1,397043E1	7,802098E0
1,395582E1	7,023259E0
1,394120E1	5,378762E0
1,392658E1	5,000000E0
1,391197E1	5,030523E0
1,389735E1	5,099724E0
1,388273E1	5,169058E0
1,386812E1	5,425911E0
1,385350E1	5,375228E0
1,383888E1	5,377058E0
1,382427E1	5,792010E0
1,380965E1	6,410655E0
1,379503E1	6,134039E0
1,378042E1	5,227276E0
1,376580E1	5,213905E0
1,375118E1	6,583983E0
1,373657E1	4,910843E0
1,372195E1	4,851069E0
1,370733E1	5,763452E0
1,369271E1	5,297909E0
1,367810E1	5,680187E0
1,366348E1	5,793343E0
1,364886E1	6,475128E0
1,363425E1	6,163384E0
1,361963E1	6,746317E0
1,360501E1	6,256084E0
1,359040E1	6,000000E0
1,357578E1	6,739115E0
1,356116E1	7,000000E0
1,354655E1	7,000000E0
1,353193E1	7,000000E0
1,351731E1	8,319634E0
1,350270E1	7,535525E0
1,348808E1	7,789613E0
1,347346E1	8,211179E0
1,345885E1	6,781779E0
1,344423E1	6,068110E0
1,342961E1	6,491063E0
1,341499E1	7,057842E0
1,340038E1	6,065340E0
1,338576E1	7,218783E0
1,337114E1	8,233792E0
1,335653E1	8,339744E0
1,334191E1	8,270411E0
1,332729E1	7,641744E0
1,331268E1	7,870719E0
1,329806E1	8,024038E0
1,328344E1	7,297824E0
1,326883E1	7,151288E0
1,325421E1	7,708732E0
1,323959E1	7,345634E0
1,322498E1	6,087917E0
1,321036E1	6,363641E0
1,319574E1	7,124818E0
1,318113E1	7,140295E0
1,316651E1	6,963092E0
1,315189E1	7,172737E0
1,313727E1	5,928087E0
1,312266E1	4,888600E0
1,310804E1	7,597311E0
1,309342E1	1,538208E1
1,307881E1	2,137504E1
1,306419E1	2,227100E1
1,304957E1	2,260139E1
1,303496E1	2,500168E1
1,302034E1	3,099343E1
1,300572E1	3,806043E1
1,299111E1	4,227418E1
1,297649E1	4,267052E1
1,296187E1	4,058894E1
1,294726E1	3,917692E1
1,293264E1	4,100981E1
1,291802E1	4,227034E1
1,290341E1	4,384435E1
1,288879E1	4,658343E1
1,287417E1	4,832001E1
1,285956E1	4,806934E1
1,284494E1	4,774566E1
1,283032E1	4,770996E1
1,281570E1	4,728565E1
1,280109E1	4,653163E1
1,278647E1	4,702228E1
1,277185E1	4,682622E1
1,275724E1	4,645774E1
1,274262E1	4,786051E1
1,272800E1	4,847605E1
1,271339E1	4,672833E1
1,269877E1	4,530686E1
1,268415E1	4,502827E1
1,266954E1	4,610026E1
1,265492E1	4,751849E1
1,264030E1	4,798110E1
1,262569E1	4,913954E1
1,261107E1	5,061067E1
1,259645E1	4,959512E1
1,258184E1	4,809368E1
1,256722E1	4,792656E1
1,255260E1	4,689178E1
1,253798E1	4,692637E1
1,252337E1	4,779613E1
1,250875E1	4,704441E1
1,249413E1	4,617736E1
1,247952E1	4,730494E1
1,246490E1	5,046051E1
1,245028E1	5,142445E1
1,243567E1	5,091615E1
1,242105E1	5,040378E1
1,240643E1	4,916322E1
1,239182E1	4,819056E1
1,237720E1	4,832150E1
1,236258E1	4,940652E1
1,234797E1	4,995901E1
1,233335E1	5,093328E1
1,231873E1	4,955469E1
1,230412E1	4,928191E1
1,228950E1	5,103742E1
1,227488E1	4,971193E1
1,226026E1	4,840132E1
1,224565E1	4,812932E1
1,223103E1	4,835403E1
1,221641E1	4,905604E1
1,220180E1	5,077137E1
1,218718E1	5,258539E1
1,217256E1	5,240550E1
1,215795E1	5,201346E1
1,214333E1	5,187429E1
1,212871E1	5,141021E1
1,211410E1	5,167505E1
1,209948E1	5,167935E1
1,208486E1	5,101787E1
1,207025E1	5,202370E1
1,205563E1	5,284823E1
1,204101E1	5,088172E1
1,202640E1	4,824053E1
1,201178E1	4,802215E1
1,199716E1	4,885828E1
1,198254E1	4,929645E1
1,196793E1	4,996404E1
1,195331E1	4,996592E1
1,193869E1	4,979622E1
1,192408E1	4,958700E1
1,190946E1	5,006014E1
1,189484E1	5,056919E1
1,188023E1	4,930373E1
1,186561E1	4,913327E1
1,185099E1	5,023653E1
1,183638E1	4,976433E1
1,182176E1	4,902245E1
1,180714E1	4,892574E1
1,179253E1	4,930599E1
1,177791E1	5,110059E1
1,176329E1	5,373060E1
1,174868E1	5,454778E1
1,173406E1	5,290075E1
1,171944E1	5,143379E1
1,170482E1	5,161727E1
1,169021E1	5,201291E1
1,167559E1	5,266833E1
1,166097E1	5,338347E1
1,164636E1	5,228777E1
1,163174E1	5,076830E1
1,161712E1	5,038727E1
1,160251E1	5,025751E1
1,158789E1	5,150447E1
1,157327E1	5,218488E1
1,155866E1	5,000195E1
1,154404E1	4,700737E1
1,152942E1	4,668657E1
1,151481E1	4,691109E1
1,150019E1	4,446062E1
1,148557E1	4,263511E1
1,147096E1	4,488498E1
1,145634E1	4,838426E1
1,144172E1	4,853647E1
1,142710E1	4,630635E1
1,141249E1	4,552276E1
1,139787E1	4,607210E1
1,138325E1	4,606483E1
1,136864E1	4,662481E1
1,135402E1	4,740760E1
1,133940E1	4,670111E1
1,132479E1	4,510890E1
1,131017E1	4,453518E1
1,129555E1	4,560883E1
1,128094E1	4,584151E1
1,126632E1	4,490269E1
1,125170E1	4,484600E1
1,123709E1	4,481412E1
1,122247E1	4,531960E1
1,120785E1	4,596374E1
1,119324E1	4,611229E1
1,117862E1	4,505220E1
1,116400E1	4,410398E1
1,114938E1	4,434642E1
1,113477E1	4,612809E1
1,112015E1	4,663505E1
1,110553E1	4,537338E1
1,109092E1	4,365315E1
1,107630E1	4,258215E1
1,106168E1	4,187313E1
1,104707E1	4,147709E1
1,103245E1	4,219316E1
1,101783E1	4,187563E1
1,100322E1	4,320953E1
1,098860E1	4,549147E1
1,097398E1	4,489012E1
1,095937E1	4,111251E1
1,094475E1	3,767354E1
1,093013E1	3,715792E1
1,091552E1	4,043219E1
1,090090E1	4,203831E1
1,088628E1	4,287527E1
1,087167E1	4,278576E1
1,085705E1	4,378582E1
1,084243E1	4,461000E1
1,082781E1	4,360767E1
1,081320E1	4,197405E1
1,079858E1	4,124637E1
1,078396E1	4,229540E1
1,076935E1	4,432116E1
1,075473E1	4,438132E1
1,074011E1	4,230137E1
1,072550E1	4,156552E1
1,071088E1	4,406154E1
1,069626E1	4,640205E1
1,068165E1	4,536985E1
1,066703E1	4,455724E1
1,065241E1	4,468875E1
1,063780E1	4,493423E1
1,062318E1	4,428968E1
1,060856E1	4,358764E1
1,059395E1	4,437724E1
1,057933E1	4,547035E1
1,056471E1	4,733197E1
1,055009E1	4,629219E1
1,053548E1	4,359244E1
1,052086E1	4,213372E1
1,050624E1	4,160018E1
1,049163E1	4,277593E1
1,047701E1	4,517352E1
1,046239E1	4,750643E1
1,044778E1	4,961539E1
1,043316E1	5,162845E1
1,041854E1	5,263860E1
1,040393E1	5,518179E1
1,038931E1	5,569325E1
1,037469E1	5,511246E1
1,036008E1	5,607129E1
1,034546E1	5,389872E1
1,033084E1	5,343086E1
1,031623E1	5,132418E1
1,030161E1	5,337022E1
1,028699E1	5,907964E1
1,027237E1	6,288123E1
1,025776E1	6,369800E1
1,024314E1	6,428242E1
1,022852E1	6,469290E1
1,021391E1	6,371230E1
1,019929E1	6,482059E1
1,018467E1	6,486676E1
1,017006E1	6,219668E1
1,015544E1	5,940935E1
1,014082E1	5,858252E1
1,012621E1	5,867701E1
1,011159E1	5,806258E1
1,009697E1	5,486257E1
1,008236E1	5,484057E1
1,006774E1	5,558584E1
1,005312E1	5,883367E1
1,003851E1	6,114837E1
1,002389E1	6,021073E1
1,000927E1	6,091530E1
9,994655E0	6,383227E1
9,980038E0	6,339574E1
9,965421E0	6,580369E1
9,950804E0	6,997855E1
9,936187E0	6,946206E1
9,921571E0	6,339393E1
9,906954E0	5,979763E1
9,892337E0	6,070840E1
9,877720E0	6,229275E1
9,863103E0	6,226805E1
9,848486E0	6,405872E1
9,833870E0	6,394676E1
9,819253E0	6,297760E1
9,804636E0	6,480354E1
9,790019E0	6,787923E1
9,775402E0	6,801016E1
9,760785E0	6,489543E1
9,746169E0	6,505070E1
9,731552E0	6,261715E1
9,716935E0	6,112966E1
9,702318E0	6,232701E1
9,687701E0	6,442704E1
9,673084E0	6,634568E1
9,658467E0	6,607538E1
9,643851E0	6,488053E1
9,629234E0	6,438813E1
9,614617E0	6,666586E1
9,600000E0	6,805542E1
9,585383E0	6,815777E1
9,570766E0	6,779938E1
9,556150E0	6,842573E1
9,541533E0	6,779629E1
9,526916E0	6,640162E1
9,512299E0	6,627241E1
9,497682E0	6,586329E1
9,483065E0	6,607101E1
9,468449E0	6,541287E1
9,453832E0	6,649266E1
9,439215E0	6,762323E1
9,424598E0	6,576085E1
9,409981E0	6,246870E1
9,395364E0	6,504404E1
9,380748E0	6,537553E1
9,366131E0	6,494184E1
9,351514E0	6,562357E1
9,336897E0	6,699419E1
9,322280E0	6,810921E1
9,307663E0	6,677929E1
9,293047E0	6,407023E1
9,278430E0	6,651238E1
9,263813E0	6,484485E1
9,249196E0	6,322490E1
9,234579E0	6,503397E1
9,219962E0	6,511633E1
9,205346E0	6,590813E1
9,190729E0	6,699071E1
9,176112E0	6,260341E1
9,161495E0	6,135307E1
9,146878E0	6,159114E1
9,132261E0	6,175904E1
9,117644E0	5,973505E1
9,103028E0	6,099541E1
9,088411E0	6,434049E1
9,073794E0	6,518272E1
9,059177E0	6,576744E1
9,044560E0	6,169065E1
9,029943E0	6,230767E1
9,015327E0	6,188045E1
9,000710E0	6,009882E1
8,986093E0	6,130422E1
8,971476E0	6,213703E1
8,956859E0	6,012935E1
8,942242E0	5,771691E1
8,927626E0	5,602416E1
8,913009E0	5,888006E1
8,898392E0	5,910111E1
8,883775E0	5,896734E1
8,869158E0	5,236267E1
8,854541E0	5,303548E1
8,839925E0	5,220206E1
8,825308E0	5,410246E1
8,810691E0	5,095071E1
8,796074E0	4,652069E1
8,781457E0	4,531127E1
8,766840E0	4,788146E1
8,752224E0	4,866539E1
8,737607E0	4,797083E1
8,722990E0	4,823353E1
8,708373E0	4,997581E1
8,693756E0	5,044249E1
8,679139E0	4,832010E1
8,664522E0	4,551172E1
8,649906E0	4,432074E1
8,635289E0	4,418855E1
8,620672E0	4,414471E1
8,606055E0	4,362590E1
8,591438E0	4,451089E1
8,576821E0	4,366752E1
8,562205E0	4,390109E1
8,547588E0	4,379407E1
8,532971E0	4,318079E1
8,518354E0	4,365517E1
8,503737E0	4,342030E1
8,489120E0	4,231577E1
8,474504E0	4,077296E1
8,459887E0	4,275820E1
8,445270E0	4,229463E1
8,430653E0	4,082331E1
8,416036E0	4,319457E1
8,401419E0	4,366233E1
8,386803E0	4,134461E1
8,372186E0	4,162703E1
8,357569E0	4,126584E1
8,342952E0	4,361074E1
8,328335E0	4,399257E1
8,313718E0	4,406911E1
8,299102E0	4,447223E1
8,284485E0	4,475481E1
8,269868E0	4,526839E1
8,255251E0	4,413668E1
8,240634E0	4,189685E1
8,226017E0	4,194067E1
8,211401E0	4,133120E1
8,196784E0	4,504805E1
8,182167E0	4,604144E1
8,167550E0	4,250139E1
8,152933E0	4,327334E1
8,138316E0	4,962577E1
8,123699E0	5,428804E1
8,109083E0	5,571610E1
8,094466E0	5,535885E1
8,079849E0	5,349109E1
8,065232E0	5,537214E1
8,050615E0	5,680426E1
8,035998E0	5,562229E1
8,021382E0	5,678378E1
8,006765E0	5,785920E1
7,992148E0	5,921830E1
7,977531E0	5,655426E1
7,962914E0	5,642368E1
7,948297E0	5,880960E1
7,933681E0	5,967439E1
7,919064E0	5,790937E1
7,904447E0	5,815762E1
7,889830E0	6,333819E1
7,875213E0	6,329629E1
7,860596E0	6,198033E1
7,845980E0	6,496067E1
7,831363E0	6,545167E1
7,816746E0	6,730811E1
7,802129E0	6,739735E1
7,787512E0	6,952289E1
7,772895E0	6,924005E1
7,758279E0	7,212332E1
7,743662E0	7,297181E1
7,729045E0	7,235504E1
7,714428E0	7,174052E1
7,699811E0	7,338229E1
7,685194E0	7,351574E1
7,670577E0	7,377704E1
7,655961E0	7,608702E1
7,641344E0	7,643791E1
7,626727E0	7,524983E1
7,612110E0	7,643158E1
7,597493E0	7,689899E1
7,582876E0	8,278784E1
7,568260E0	8,826694E1
7,553643E0	7,702063E1
7,539026E0	6,517802E1
7,524409E0	7,488449E1
7,509792E0	8,544000E1
7,495175E0	8,807412E1
7,480559E0	8,668465E1
7,465942E0	8,525300E1
7,451325E0	8,468385E1
7,436708E0	8,478801E1
7,422091E0	8,138472E1
7,407474E0	8,136893E1
7,392858E0	8,274980E1
7,378241E0	8,311840E1
7,363624E0	8,201205E1
7,349007E0	8,233735E1
7,334390E0	8,704479E1
7,319773E0	8,904059E1
7,305157E0	8,593793E1
7,290540E0	7,694922E1
7,275923E0	7,483805E1
7,261306E0	7,909397E1
7,246689E0	8,557165E1
7,232072E0	8,868060E1
7,217456E0	8,797887E1
7,202839E0	8,646677E1
7,188222E0	8,592088E1
7,173605E0	9,140172E1
7,158988E0	9,344353E1
7,144371E0	9,091965E1
7,129754E0	9,208340E1
7,115138E0	9,693339E1
7,100521E0	1,005933E2
7,085904E0	9,619227E1
7,071287E0	8,891397E1
7,056670E0	8,864174E1
7,042053E0	8,601930E1
7,027437E0	8,411648E1
7,012820E0	8,744907E1
6,998203E0	8,743293E1
6,983586E0	8,361229E1
6,968969E0	8,256166E1
6,954352E0	8,214158E1
6,939736E0	8,763094E1
6,925119E0	8,765351E1
6,910502E0	8,056178E1
6,895885E0	7,565700E1
6,881268E0	7,586557E1
6,866651E0	8,121312E1
6,852035E0	8,882457E1
6,837418E0	9,465152E1
6,822801E0	9,167267E1
6,808184E0	8,724518E1
6,793567E0	8,871660E1
6,778950E0	9,325222E1
6,764334E0	9,362616E1
6,749717E0	8,655387E1
6,735100E0	8,228049E1
6,720483E0	8,044275E1
6,705866E0	8,134906E1
6,691249E0	8,655986E1
6,676633E0	9,077017E1
6,662016E0	8,902472E1
6,647399E0	8,645935E1
6,632782E0	8,681111E1
6,618165E0	8,785800E1
6,603548E0	9,311694E1
6,588931E0	9,731726E1
6,574315E0	9,524777E1
6,559698E0	9,049134E1
6,545081E0	8,419888E1
6,530464E0	8,202449E1
6,515847E0	8,433228E1
6,501230E0	8,099023E1
6,486614E0	7,627049E1
6,471997E0	8,021634E1
6,457380E0	8,946506E1
6,442763E0	9,588347E1
6,428146E0	9,886213E1
6,413529E0	1,047480E2
6,398913E0	1,053284E2
6,384296E0	9,600388E1
6,369679E0	9,085037E1
6,355062E0	9,172135E1
6,340445E0	9,030531E1
6,325828E0	8,323396E1
6,311212E0	7,626928E1
6,296595E0	7,392074E1
6,281978E0	7,500414E1
6,267361E0	7,680183E1
6,252744E0	7,810685E1
6,238127E0	7,858037E1
6,223511E0	7,829347E1
6,208894E0	8,029117E1
6,194277E0	8,255092E1
6,179660E0	8,078180E1
6,165043E0	7,754379E1
6,150426E0	7,483427E1
6,135809E0	7,377710E1
6,121193E0	7,318787E1
6,106576E0	7,015668E1
6,091959E0	6,692242E1
6,077342E0	6,527163E1
6,062725E0	6,436821E1
6,048108E0	6,395132E1
6,033492E0	6,393489E1
6,018875E0	6,296759E1
6,004258E0	6,188322E1
5,989641E0	6,217408E1
5,975024E0	6,296516E1
5,960407E0	6,379931E1
5,945791E0	6,433622E1
5,931174E0	6,444911E1
5,916557E0	6,308461E1
5,901940E0	6,031276E1
5,887323E0	5,547183E1
5,872706E0	4,979409E1
5,858090E0	4,760456E1
5,843473E0	4,627766E1
5,828856E0	4,519481E1
5,814239E0	4,686450E1
5,799622E0	4,772535E1
5,785005E0	4,623116E1
5,770389E0	4,587345E1
5,755772E0	4,436870E1
5,741155E0	4,253471E1
5,726538E0	4,298860E1
5,711921E0	4,282058E1
5,697304E0	4,254937E1
5,682688E0	4,344037E1
5,668071E0	4,393504E1
5,653454E0	4,302434E1
5,638837E0	4,210468E1
5,624220E0	4,346796E1
5,609603E0	4,525068E1
5,594986E0	4,508698E1
5,580370E0	4,430796E1
5,565753E0	4,557564E1
5,551136E0	4,778820E1
5,536519E0	5,062563E1
5,521902E0	5,347592E1
5,507285E0	5,451001E1
5,492669E0	5,643840E1
5,478052E0	5,885075E1
5,463435E0	5,901567E1
5,448818E0	5,766797E1
5,434201E0	5,817585E1
5,419584E0	6,000408E1
5,404968E0	6,150773E1
5,390351E0	6,250127E1
5,375734E0	6,272098E1
5,361117E0	6,433397E1
5,346500E0	6,722874E1
5,331883E0	7,000003E1
5,317267E0	7,076775E1
5,302650E0	6,959408E1
5,288033E0	7,055849E1
5,273416E0	7,556490E1
5,258799E0	7,899916E1
5,244182E0	8,052149E1
5,229566E0	8,036520E1
5,214949E0	7,838862E1
5,200332E0	7,927863E1
5,185715E0	8,386995E1
5,171098E0	8,463949E1
5,156481E0	8,364932E1
5,141865E0	8,568912E1
5,127248E0	8,499964E1
5,112631E0	8,308304E1
5,098014E0	8,230516E1
5,083397E0	8,026500E1
5,068780E0	7,800012E1
5,054163E0	8,053621E1
5,039547E0	8,855388E1
5,024930E0	8,329800E1
5,010313E0	7,077294E1
4,995696E0	7,232489E1
4,981079E0	7,467375E1
4,966462E0	7,052333E1
4,951846E0	6,774859E1
4,937229E0	7,305401E1
4,922612E0	8,898003E1
4,907995E0	9,242335E1
4,893378E0	8,664444E1
4,878761E0	8,833044E1
4,864145E0	9,203458E1
4,849528E0	9,457459E1
4,834911E0	8,744977E1
4,820294E0	7,443312E1
4,805677E0	7,090626E1
4,791060E0	7,040234E1
4,776444E0	7,957668E1
4,761827E0	9,013649E1
4,747210E0	1,004516E2
4,732593E0	1,071944E2
4,717976E0	1,006374E2
4,703359E0	8,770935E1
4,688743E0	8,617079E1
4,674126E0	8,561688E1
4,659509E0	8,520475E1
4,644892E0	8,594081E1
4,630275E0	9,440743E1
4,615658E0	1,058489E2
4,601041E0	1,004270E2
4,586425E0	9,581911E1
4,571808E0	9,149438E1
4,557191E0	9,587953E1
4,542574E0	1,014717E2
4,527957E0	9,710010E1
4,513340E0	8,514051E1
4,498724E0	8,409327E1
4,484107E0	8,470539E1
4,469490E0	8,758729E1
4,454873E0	8,916712E1
4,440256E0	9,103925E1
4,425639E0	9,264833E1
4,411023E0	9,437265E1
4,396406E0	9,050559E1
4,381789E0	8,929792E1
4,367172E0	9,219217E1
4,352555E0	9,540705E1
4,337938E0	9,220456E1
4,323322E0	9,261800E1
4,308705E0	9,369059E1
4,294088E0	9,487762E1
4,279471E0	9,298777E1
4,264854E0	8,994290E1
4,250237E0	9,148312E1
4,235621E0	9,585585E1
4,221004E0	9,110111E1
4,206387E0	8,973705E1
4,191770E0	9,255167E1
4,177153E0	9,092122E1
4,162536E0	8,898350E1
4,147920E0	8,986932E1
4,133303E0	8,917266E1
4,118686E0	8,968853E1
4,104069E0	9,052793E1
4,089452E0	9,055166E1
4,074835E0	9,186911E1
4,060218E0	9,172224E1
4,045602E0	9,527565E1
4,030985E0	1,026040E2
4,016368E0	9,938001E1
4,001751E0	9,250093E1
3,987134E0	9,333778E1
3,972517E0	9,379252E1
3,957901E0	9,419226E1
3,943284E0	9,443355E1
3,928667E0	9,401766E1
3,914050E0	9,352886E1
3,899433E0	9,371261E1
3,884816E0	9,420204E1
3,870200E0	9,302559E1
3,855583E0	9,138169E1
3,840966E0	9,011008E1
3,826349E0	8,895359E1
3,811732E0	8,829816E1
3,797115E0	8,873437E1
3,782499E0	9,114495E1
3,767882E0	9,731733E1
3,753265E0	9,696591E1
3,738648E0	9,666028E1
3,724031E0	9,769001E1
3,709414E0	9,756619E1
3,694798E0	9,537934E1
3,680181E0	9,411090E1
3,665564E0	9,360173E1
3,650947E0	9,561216E1
3,636330E0	9,247658E1
3,621713E0	8,847604E1
3,607097E0	9,011932E1
3,592480E0	9,983967E1
3,577863E0	1,086636E2
3,563246E0	1,119639E2
3,548629E0	1,101825E2
3,534012E0	9,818882E1
3,519395E0	9,616195E1
3,504779E0	8,397657E1
3,490162E0	8,176273E1
3,475545E0	9,362551E1
3,460928E0	1,081054E2
3,446311E0	8,114603E1
3,431694E0	7,567936E1
3,417078E0	7,689066E1
3,402461E0	9,150703E1
3,387844E0	9,794004E1
3,373227E0	9,355026E1
3,358610E0	9,768096E1
3,343993E0	9,781690E1
3,329377E0	7,398027E1
3,314760E0	6,955768E1
3,300143E0	1,088105E2
3,285526E0	1,243395E2
3,270909E0	9,858731E1
3,256292E0	7,936519E1
3,241676E0	9,519478E1
3,227059E0	9,816219E1
3,212442E0	8,006930E1
3,197825E0	7,488248E1
3,183208E0	9,114606E1
3,168591E0	9,751595E1
3,153975E0	8,959950E1
3,139358E0	9,947415E1
3,124741E0	8,583173E1
3,110124E0	7,634376E1
3,095507E0	7,992790E1
3,080890E0	8,652848E1
3,066273E0	8,927283E1
3,051657E0	8,294981E1
3,037040E0	7,934285E1
3,022423E0	8,189478E1
3,007806E0	7,983955E1
2,993189E0	8,199589E1
2,978572E0	7,912249E1
2,963956E0	7,509628E1
2,949339E0	7,628776E1
2,934722E0	8,195224E1
2,920105E0	8,770939E1
2,905488E0	9,550154E1
2,890871E0	9,739421E1
2,876255E0	9,959805E1
2,861638E0	8,896593E1
2,847021E0	8,303916E1
2,832404E0	8,258831E1
2,817787E0	8,352785E1
2,803170E0	9,775096E1
2,788554E0	1,172052E2
2,773937E0	1,135402E2
2,759320E0	1,042061E2
2,744703E0	9,735464E1
2,730086E0	8,403313E1
2,715469E0	8,356598E1
2,700853E0	8,473183E1
2,686236E0	8,975116E1
2,671619E0	1,003510E2
2,657002E0	1,024811E2
2,642385E0	1,018646E2
2,627768E0	1,002333E2
2,613152E0	9,510400E1
2,598535E0	9,982206E1
2,583918E0	1,017086E2
2,569301E0	1,005627E2
2,554684E0	9,746978E1
2,540067E0	9,616849E1
2,525450E0	9,709896E1
2,510834E0	9,663464E1
2,496217E0	9,650250E1
2,481600E0	9,674686E1
2,466983E0	9,671867E1
2,452366E0	9,719222E1
2,437749E0	9,635061E1
2,423133E0	9,657193E1
2,408516E0	9,646367E1
2,393899E0	9,486462E1
2,379282E0	9,542821E1
2,364665E0	1,089135E2
2,350048E0	1,208577E2
2,335432E0	1,254570E2
2,320815E0	1,309978E2
2,306198E0	1,434023E2
2,291581E0	1,441148E2
2,276964E0	1,157173E2
2,262347E0	8,329340E1
2,247731E0	6,978617E1
2,233114E0	9,002413E1
2,218497E0	1,414165E2
2,203880E0	1,381862E2
2,189263E0	1,189849E2
2,174646E0	1,188727E2
2,160030E0	1,297868E2
2,145413E0	1,372980E2
2,130796E0	1,428437E2
2,116179E0	1,573933E2
2,101562E0	1,734362E2
2,086945E0	1,909496E2
2,072329E0	2,095239E2
2,057712E0	2,207356E2
2,043095E0	2,246587E2
2,028478E0	2,265659E2
2,013861E0	2,256364E2
1,999244E0	2,233606E2
1,984627E0	2,222313E2
1,970011E0	2,210570E2
1,955394E0	2,204163E2
1,940777E0	2,196545E2
1,926160E0	2,179558E2
1,911543E0	2,165537E2
1,896926E0	2,110016E2
1,882310E0	2,011265E2
1,867693E0	1,904868E2
1,853076E0	1,797714E2
1,838459E0	1,758025E2
1,823842E0	1,810016E2
1,809225E0	1,896825E2
1,794609E0	1,967478E2
1,779992E0	2,007343E2
1,765375E0	2,035238E2
1,750758E0	2,043835E2
1,736141E0	2,033402E2
1,721524E0	2,058404E2
1,706908E0	2,112593E2
1,692291E0	2,078686E2
1,677674E0	1,918211E2
1,663057E0	1,823948E2
1,648440E0	2,084919E2
1,633823E0	2,197176E2
1,619207E0	2,186926E2
1,604590E0	2,241403E2
1,589973E0	2,298121E2
1,575356E0	2,347178E2
1,560739E0	2,369108E2
1,546122E0	2,361957E2
1,531505E0	2,307018E2
1,516889E0	2,124557E2
1,502272E0	1,911171E2
1,487655E0	1,868389E2
1,473038E0	1,833462E2
1,458421E0	2,114258E2
1,443804E0	2,343903E2
1,429188E0	2,291087E2
1,414571E0	2,237658E2
1,399954E0	2,167361E2
1,385337E0	2,075206E2
1,370720E0	2,167488E2
1,356103E0	2,306721E2
1,341487E0	2,337949E2
1,326870E0	2,249363E2
1,312253E0	2,218066E2
1,297636E0	2,243696E2
1,283019E0	2,331647E2
1,268402E0	2,385242E2
1,253786E0	2,386494E2
1,239169E0	2,310475E2
1,224552E0	2,205453E2
1,209935E0	1,918129E2
1,195318E0	1,816874E2
1,180701E0	2,099326E2
1,166085E0	2,257412E2
1,151468E0	2,290146E2
1,136851E0	2,288126E2
1,122234E0	2,260179E2
1,107617E0	2,248209E2
1,093000E0	2,312973E2
1,078384E0	2,292453E2
1,063767E0	2,177647E2
1,049150E0	2,100243E2
1,034533E0	2,164015E2
1,019916E0	2,293582E2
1,005299E0	2,310692E2
9,906825E-1	2,172022E2
9,760656E-1	2,048089E2
9,614488E-1	2,185094E2
9,468320E-1	2,295808E2
9,322151E-1	2,300418E2
9,175983E-1	2,100883E2
9,029815E-1	1,892884E2
8,883646E-1	2,077534E2
8,737478E-1	2,311988E2
8,591309E-1	2,393094E2
8,445141E-1	2,333601E2
8,298973E-1	2,320837E2
8,152804E-1	2,406061E2
8,006636E-1	2,266423E2
7,860467E-1	1,924395E2
7,714299E-1	2,043227E2
7,568131E-1	2,126142E2
7,421962E-1	2,052509E2
7,275794E-1	2,107180E2
7,129626E-1	2,329556E2
6,983457E-1	2,444367E2
6,837289E-1	2,174872E2
6,691120E-1	1,820195E2
6,544952E-1	2,093534E2
6,398784E-1	2,371048E2
6,252615E-1	2,384944E2
6,106447E-1	2,342400E2
5,960279E-1	2,327267E2
5,814110E-1	2,320431E2
5,667942E-1	2,268562E2
5,521773E-1	2,276305E2
5,375605E-1	2,368675E2
5,229437E-1	2,314820E2
5,083268E-1	2,100943E2
4,937100E-1	2,164845E2
4,790931E-1	2,372184E2
4,644763E-1	2,454305E2
4,498595E-1	2,455591E2
4,352426E-1	2,432847E2
4,206258E-1	2,383728E2
4,060090E-1	2,314775E2
3,913921E-1	2,230571E2
3,767753E-1	2,136413E2
3,621584E-1	2,067631E2
3,475416E-1	2,003380E2
3,329248E-1	2,135489E2
3,183079E-1	2,283633E2
3,036911E-1	2,184649E2
2,890743E-1	2,121067E2
2,744574E-1	2,197625E2
2,598406E-1	2,275947E2
2,452237E-1	2,359276E2
2,306069E-1	2,428456E2
2,159901E-1	2,443478E2
2,013732E-1	2,428628E2
1,867564E-1	2,440516E2
1,721395E-1	2,447005E2
1,575227E-1	2,422585E2
1,429059E-1	2,390412E2
1,282890E-1	2,334453E2
1,136722E-1	2,232497E2
9,905535E-2	2,219932E2
8,443852E-2	2,300939E2
6,982168E-2	2,285599E2
5,520484E-2	2,160371E2
4,058800E-2	2,187421E2
2,597116E-2	2,342355E2
1,135433E-2	2,293965E2
-3,262512E-3	2,084885E2
-1,787935E-2	2,096710E2
-3,249619E-2	2,334163E2
-4,711303E-2	2,359506E2
-6,172986E-2	2,221806E2
-7,634670E-2	2,253529E2
-9,096354E-2	2,359066E2
-1,055804E-1	2,360740E2
-1,201972E-1	2,319310E2
-1,348141E-1	2,378909E2
-1,494309E-1	2,451426E2
-1,640477E-1	2,458297E2
-1,786646E-1	2,442383E2
-1,932814E-1	2,306836E2
-2,078982E-1	1,978796E2
-2,225151E-1	1,810007E2
-2,371319E-1	1,948460E2
-2,517488E-1	2,182295E2
-2,663656E-1	2,353562E2
-2,809824E-1	2,345529E2
-2,955993E-1	2,248968E2
-3,102161E-1	2,165326E2
-3,248330E-1	2,252477E2
-3,394498E-1	2,359782E2
-3,540666E-1	2,347385E2
-3,686835E-1	2,351666E2
-3,833003E-1	2,401806E2
-3,979171E-1	2,386990E2
-4,125340E-1	2,226638E2
-4,271508E-1	2,144034E2
-4,417677E-1	2,247106E2
-4,563845E-1	2,303638E2
-4,710013E-1	2,402421E2
-4,856182E-1	2,385707E2
-5,002350E-1	2,290666E2
-5,148518E-1	2,264777E2
-5,294687E-1	2,338410E2
-5,440855E-1	2,399084E2
-5,587024E-1	2,291036E2
-5,733192E-1	2,121764E2
-5,879360E-1	2,130898E2
-6,025529E-1	2,239992E2
-6,171697E-1	2,319098E2
-6,317866E-1	2,286286E2
-6,464034E-1	2,305454E2
-6,610202E-1	2,434599E2
-6,756371E-1	2,386692E2
-6,902539E-1	2,208046E2
-7,048707E-1	1,895748E2
-7,194876E-1	1,723193E2
-7,341044E-1	1,797538E2
-7,487213E-1	1,907210E2
-7,633381E-1	2,020965E2
-7,779549E-1	2,185875E2
-7,925718E-1	2,227356E2
-8,071886E-1	2,227286E2
-8,218054E-1	2,232638E2
-8,364223E-1	2,100564E2
-8,510391E-1	2,034315E2
-8,656560E-1	2,272268E2
-8,802728E-1	2,380291E2
-8,948896E-1	2,323628E2
-9,095065E-1	2,283425E2
-9,241233E-1	2,239048E2
-9,387402E-1	2,232146E2
-9,533570E-1	2,254368E2
-9,679738E-1	2,289606E2
-9,825907E-1	2,304355E2
-9,972075E-1	2,278091E2
-1,011824E0	2,244278E2
-1,026441E0	2,198514E2
-1,041058E0	2,158319E2
-1,055675E0	2,260967E2
-1,070292E0	2,290313E2
-1,084909E0	2,266156E2
-1,099525E0	2,249776E2
-1,114142E0	2,295119E2
-1,128759E0	2,322009E2
-1,143376E0	2,326868E2
-1,157993E0	2,334626E2
-1,172610E0	2,313733E2
-1,187226E0	2,296128E2
-1,201843E0	2,261737E2
-1,216460E0	2,232517E2
-1,231077E0	2,197730E2
-1,245694E0	2,171935E2
-1,260311E0	2,157339E2
-1,274927E0	2,158934E2
-1,289544E0	2,180694E2
-1,304161E0	2,198257E2
-1,318778E0	2,199671E2
-1,333395E0	2,150745E2
-1,348012E0	2,116470E2
-1,362628E0	2,085033E2
-1,377245E0	2,081190E2
-1,391862E0	2,100741E2
-1,406479E0	2,129660E2
-1,421096E0	2,153929E2
-1,435713E0	2,125417E2
-1,450329E0	2,096233E2
-1,464946E0	2,111092E2
-1,479563E0	2,129211E2
-1,494180E0	2,207592E2
-1,508797E0	2,241063E2
-1,523414E0	2,131742E2
-1,538031E0	1,976987E2
-1,552647E0	1,996390E2
-1,567264E0	2,067552E2
-1,581881E0	2,075792E2
-1,596498E0	2,060927E2
-1,611115E0	2,016361E2
-1,625732E0	1,983240E2
-1,640348E0	1,969025E2
-1,654965E0	1,975491E2
-1,669582E0	1,998052E2
-1,684199E0	1,922430E2
-1,698816E0	1,698892E2
-1,713433E0	1,714538E2
-1,728049E0	1,832006E2
-1,742666E0	1,533368E2
-1,757283E0	1,037575E2
-1,771900E0	9,592483E1
-1,786517E0	1,132269E2
-1,801134E0	1,338058E2
-1,815750E0	1,522254E2
-1,830367E0	1,580641E2
-1,844984E0	1,562368E2
-1,859601E0	1,465967E2
-1,874218E0	1,475652E2
-1,888835E0	1,499083E2
-1,903451E0	1,527413E2
-1,918068E0	1,863702E2
-1,932685E0	2,066660E2
-1,947302E0	2,006947E2
-1,961919E0	1,948005E2
-1,976536E0	1,865392E2
-1,991152E0	1,727599E2
-2,005769E0	1,263314E2
-2,020386E0	8,002796E1
-2,035003E0	1,135624E2
-2,049620E0	1,201514E2
-2,064237E0	1,140037E2
-2,078854E0	1,096417E2
-2,093470E0	1,024428E2
-2,108087E0	9,990138E1
-2,122704E0	9,767915E1
-2,137321E0	9,916699E1
-2,151938E0	9,970748E1
-2,166555E0	9,841410E1
-2,181171E0	9,675472E1
-2,195788E0	9,733343E1
-2,210405E0	9,923178E1
-2,225022E0	9,470583E1
-2,239639E0	9,439910E1
-2,254256E0	9,607265E1
-2,268872E0	9,860106E1
-2,283489E0	9,440760E1
-2,298106E0	9,443451E1
-2,312723E0	1,021102E2
-2,327340E0	1,067844E2
-2,341957E0	1,078684E2
-2,356573E0	1,068613E2
-2,371190E0	1,026470E2
-2,385807E0	9,561566E1
-2,400424E0	8,659830E1
-2,415041E0	8,279008E1
-2,429658E0	8,251011E1
-2,444274E0	8,480808E1
-2,458891E0	8,515988E1
-2,473508E0	7,880907E1
-2,488125E0	7,803481E1
-2,502742E0	7,863418E1
-2,517359E0	8,148572E1
-2,531976E0	8,331415E1
-2,546592E0	8,381666E1
-2,561209E0	8,561084E1
-2,575826E0	8,638268E1
-2,590443E0	8,668768E1
-2,605060E0	8,642000E1
-2,619677E0	8,130075E1
-2,634293E0	7,849966E1
-2,648910E0	8,759357E1
-2,663527E0	8,503751E1
-2,678144E0	8,130022E1
-2,692761E0	8,439408E1
-2,707378E0	8,733741E1
-2,721994E0	8,507938E1
-2,736611E0	8,243310E1
-2,751228E0	7,136061E1
-2,765845E0	7,356992E1
-2,780462E0	7,859670E1
-2,795079E0	7,865616E1
-2,809695E0	8,206291E1
-2,824312E0	8,599329E1
-2,838929E0	9,199940E1
-2,853546E0	9,482399E1
-2,868163E0	8,800410E1
-2,882780E0	9,333743E1
-2,897396E0	9,671614E1
-2,912013E0	9,126874E1
-2,926630E0	8,662964E1
-2,941247E0	8,126023E1
-2,955864E0	8,058825E1
-2,970481E0	8,255931E1
-2,985097E0	8,109293E1
-2,999714E0	8,149098E1
-3,014331E0	9,357227E1
-3,028948E0	9,480502E1
-3,043565E0	9,439835E1
-3,058182E0	9,184474E1
-3,072799E0	8,463149E1
-3,087415E0	8,341617E1
-3,102032E0	9,042134E1
-3,116649E0	9,874714E1
-3,131266E0	8,439644E1
-3,145883E0	8,060449E1
-3,160500E0	8,345016E1
-3,175116E0	8,633980E1
-3,189733E0	8,663480E1
-3,204350E0	8,545763E1
-3,218967E0	8,699233E1
-3,233584E0	8,757438E1
-3,248201E0	8,610876E1
-3,262817E0	8,233487E1
-3,277434E0	8,291972E1
-3,292051E0	9,365020E1
-3,306668E0	1,019576E2
-3,321285E0	8,890499E1
-3,335902E0	8,541302E1
-3,350518E0	9,005613E1
-3,365135E0	9,848989E1
-3,379752E0	1,002527E2
-3,394369E0	9,769307E1
-3,408986E0	9,885874E1
-3,423603E0	9,753868E1
-3,438219E0	9,790290E1
-3,452836E0	9,818416E1
-3,467453E0	9,589633E1
-3,482070E0	9,677592E1
-3,496687E0	9,589330E1
-3,511304E0	9,585500E1
-3,525920E0	9,694267E1
-3,540537E0	9,765573E1
-3,555154E0	9,791788E1
-3,569771E0	9,666737E1
-3,584388E0	9,564898E1
-3,599005E0	9,568735E1
-3,613622E0	9,555708E1
-3,628238E0	9,698286E1
-3,642855E0	9,595477E1
-3,657472E0	9,574355E1
-3,672089E0	9,791710E1
-3,686706E0	9,717728E1
-3,701323E0	9,703782E1
-3,715939E0	9,546290E1
-3,730556E0	9,594329E1
-3,745173E0	9,513071E1
-3,759790E0	9,549837E1
-3,774407E0	9,592363E1
-3,789024E0	9,308597E1
-3,803640E0	9,211248E1
-3,818257E0	9,303382E1
-3,832874E0	9,195203E1
-3,847491E0	9,561334E1
-3,862108E0	9,739159E1
-3,876725E0	9,824887E1
-3,891341E0	9,797868E1
-3,905958E0	9,685109E1
-3,920575E0	9,648497E1
-3,935192E0	9,658628E1
-3,949809E0	9,701394E1
-3,964426E0	9,628978E1
-3,979042E0	9,634051E1
-3,993659E0	9,815358E1
-4,008276E0	9,863803E1
-4,022893E0	9,781961E1
-4,037510E0	9,701021E1
-4,052127E0	9,572494E1
-4,066744E0	9,526573E1
-4,081360E0	9,425005E1
-4,095977E0	9,520660E1
-4,110594E0	9,633201E1
-4,125211E0	9,752149E1
-4,139828E0	9,676451E1
-4,154445E0	9,522750E1
-4,169061E0	9,448419E1
-4,183678E0	9,518084E1
-4,198295E0	9,675395E1
-4,212912E0	9,935224E1
-4,227529E0	9,931749E1
-4,242146E0	1,077137E2
-4,256762E0	1,141818E2
-4,271379E0	9,061351E1
-4,285996E0	8,706935E1
-4,300613E0	9,343345E1
-4,315230E0	8,973476E1
-4,329847E0	8,740861E1
-4,344463E0	8,689074E1
-4,359080E0	8,931678E1
-4,373697E0	9,451201E1
-4,388314E0	9,875385E1
-4,402931E0	1,014098E2
-4,417548E0	1,022857E2
-4,432164E0	1,037654E2
-4,446781E0	1,039865E2
-4,461398E0	9,603721E1
-4,476015E0	9,074171E1
-4,490632E0	9,130005E1
-4,505249E0	9,275772E1
-4,519865E0	9,268507E1
-4,534482E0	9,201327E1
-4,549099E0	9,080844E1
-4,563716E0	9,131624E1
-4,578333E0	9,274462E1
-4,592950E0	9,529209E1
-4,607567E0	9,692106E1
-4,622183E0	9,876177E1
-4,636800E0	9,797982E1
-4,651417E0	9,594702E1
-4,666034E0	9,243300E1
-4,680651E0	9,309756E1
-4,695268E0	9,428138E1
-4,709884E0	9,060284E1
-4,724501E0	9,236609E1
-4,739118E0	9,771676E1
-4,753735E0	9,591277E1
-4,768352E0	8,961823E1
-4,782969E0	8,863249E1
-4,797585E0	9,711587E1
-4,812202E0	1,023656E2
-4,826819E0	1,005864E2
-4,841436E0	9,770210E1
-4,856053E0	9,613635E1
-4,870670E0	9,533744E1
-4,885286E0	9,063159E1
-4,899903E0	8,579699E1
-4,914520E0	8,549051E1
-4,929137E0	8,476327E1
-4,943754E0	8,242593E1
-4,958371E0	7,891999E1
-4,972987E0	7,714015E1
-4,987604E0	8,200656E1
-5,002221E0	8,566482E1
-5,016838E0	8,457587E1
-5,031455E0	8,978960E1
-5,046072E0	9,252746E1
-5,060688E0	8,805051E1
-5,075305E0	8,621757E1
-5,089922E0	9,001763E1
-5,104539E0	9,209264E1
-5,119156E0	9,000029E1
-5,133773E0	9,126315E1
-5,148390E0	9,236110E1
-5,163006E0	8,672019E1
-5,177623E0	7,752668E1
-5,192240E0	7,274689E1
-5,206857E0	7,149612E1
-5,221474E0	6,996534E1
-5,236091E0	6,944941E1
-5,250707E0	6,807967E1
-5,265324E0	6,976425E1
-5,279941E0	7,729810E1
-5,294558E0	8,372409E1
-5,309175E0	8,148965E1
-5,323792E0	7,307626E1
-5,338408E0	6,786709E1
-5,353025E0	6,765626E1
-5,367642E0	6,898995E1
-5,382259E0	6,625212E1
-5,396876E0	6,255824E1
-5,411493E0	5,946353E1
-5,426109E0	5,445633E1
-5,440726E0	5,069459E1
-5,455343E0	5,002091E1
-5,469960E0	4,925331E1
-5,484577E0	4,765704E1
-5,499194E0	4,609886E1
-5,513810E0	4,617907E1
-5,528427E0	4,730813E1
-5,543044E0	4,644488E1
-5,557661E0	4,540717E1
-5,572278E0	4,509062E1
-5,586895E0	4,329625E1
-5,601512E0	4,292144E1
-5,616128E0	4,319659E1
-5,630745E0	4,330908E1
-5,645362E0	4,378778E1
-5,659979E0	4,402500E1
-5,674596E0	4,402500E1
-5,689213E0	4,390260E1
-5,703829E0	4,387986E1
-5,718446E0	4,336085E1
-5,733063E0	4,342049E1
-5,747680E0	4,436830E1
-5,762297E0	4,480282E1
-5,776914E0	4,607650E1
-5,791530E0	4,920866E1
-5,806147E0	5,114750E1
-5,820764E0	5,061936E1
-5,835381E0	4,962565E1
-5,849998E0	4,970732E1
-5,864615E0	5,067310E1
-5,879231E0	5,247055E1
-5,893848E0	5,404165E1
-5,908465E0	5,484609E1
-5,923082E0	5,552317E1
-5,937699E0	5,692122E1
-5,952316E0	5,679910E1
-5,966932E0	5,759370E1
-5,981549E0	5,987297E1
-5,996166E0	6,208914E1
-6,010783E0	6,492565E1
-6,025400E0	6,477844E1
-6,040017E0	6,224378E1
-6,054633E0	6,250658E1
-6,069250E0	6,201460E1
-6,083867E0	6,085282E1
-6,098484E0	6,137863E1
-6,113101E0	6,464852E1
-6,127718E0	6,964710E1
-6,142335E0	7,261670E1
-6,156951E0	7,638297E1
-6,171568E0	7,986449E1
-6,186185E0	8,288692E1
-6,200802E0	8,458034E1
-6,215419E0	8,320239E1
-6,230036E0	7,692000E1
-6,244652E0	6,969454E1
-6,259269E0	7,249475E1
-6,273886E0	8,040710E1
-6,288503E0	8,693750E1
-6,303120E0	8,605032E1
-6,317737E0	8,251367E1
-6,332353E0	8,455549E1
-6,346970E0	8,529728E1
-6,361587E0	8,370951E1
-6,376204E0	7,811383E1
-6,390821E0	7,349376E1
-6,405438E0	7,491732E1
-6,420054E0	7,637261E1
-6,434671E0	7,909329E1
-6,449288E0	8,601949E1
-6,463905E0	8,888238E1
-6,478522E0	8,603209E1
-6,493139E0	8,243285E1
-6,507755E0	8,049887E1
-6,522372E0	7,682958E1
-6,536989E0	7,689966E1
-6,551606E0	8,647886E1
-6,566223E0	9,865388E1
-6,580840E0	1,055052E2
-6,595457E0	1,022090E2
-6,610073E0	9,714371E1
-6,624690E0	9,643713E1
-6,639307E0	9,700064E1
-6,653924E0	9,675267E1
-6,668541E0	9,236412E1
-6,683158E0	8,338734E1
-6,697774E0	7,910094E1
-6,712391E0	8,147063E1
-6,727008E0	8,480326E1
-6,741625E0	8,442073E1
-6,756242E0	8,140903E1
-6,770859E0	8,107860E1
-6,785475E0	7,919916E1
-6,800092E0	7,203123E1
-6,814709E0	6,861639E1
-6,829326E0	7,308127E1
-6,843943E0	8,076608E1
-6,858560E0	8,498218E1
-6,873176E0	8,548302E1
-6,887793E0	8,588333E1
-6,902410E0	8,265497E1
-6,917027E0	7,484783E1
-6,931644E0	7,515398E1
-6,946261E0	8,554132E1
-6,960877E0	9,745816E1
-6,975494E0	1,045489E2
-6,990111E0	1,076125E2
-7,004728E0	1,066176E2
-7,019345E0	1,009506E2
-7,033962E0	9,291459E1
-7,048578E0	8,095721E1
-7,063195E0	7,194095E1
-7,077812E0	7,119081E1
-7,092429E0	7,855507E1
-7,107046E0	8,403792E1
-7,121663E0	8,223293E1
-7,136280E0	7,859434E1
-7,150896E0	8,020652E1
-7,165513E0	8,699001E1
-7,180130E0	8,845287E1
-7,194747E0	8,629827E1
-7,209364E0	8,810884E1
-7,223981E0	9,107968E1
-7,238597E0	9,202026E1
-7,253214E0	9,381977E1
-7,267831E0	9,372679E1
-7,282448E0	8,372013E1
-7,297065E0	8,217467E1
-7,311682E0	8,991829E1
-7,326298E0	8,503673E1
-7,340915E0	6,921859E1
-7,355532E0	7,146888E1
-7,370149E0	8,713149E1
-7,384766E0	9,172798E1
-7,399383E0	8,089459E1
-7,413999E0	7,298281E1
-7,428616E0	7,481285E1
-7,443233E0	7,524607E1
-7,457850E0	7,329635E1
-7,472467E0	7,794805E1
-7,487084E0	9,040838E1
-7,501700E0	9,558397E1
-7,516317E0	9,049338E1
-7,530934E0	7,980659E1
-7,545551E0	7,175484E1
-7,560168E0	6,894490E1
-7,574785E0	7,323263E1
-7,589401E0	8,144088E1
-7,604018E0	8,625868E1
-7,618635E0	9,029461E1
-7,633252E0	8,166151E1
-7,647869E0	7,471745E1
-7,662486E0	7,328918E1
-7,677103E0	7,577541E1
-7,691719E0	8,196086E1
-7,706336E0	8,529773E1
-7,720953E0	9,414291E1
-7,735570E0	9,950069E1
-7,750187E0	8,865288E1
-7,764804E0	8,086576E1
-7,779420E0	7,749344E1
-7,794037E0	7,742248E1
-7,808654E0	8,277104E1
-7,823271E0	8,089889E1
-7,837888E0	7,676385E1
-7,852505E0	7,936726E1
-7,867121E0	8,196325E1
-7,881738E0	7,605406E1
-7,896355E0	7,803951E1
-7,910972E0	7,614122E1
-7,925589E0	5,905778E1
-7,940206E0	5,320794E1
-7,954822E0	6,650118E1
-7,969439E0	7,485808E1
-7,984056E0	6,858021E1
-7,998673E0	6,817881E1
-8,013290E0	7,297661E1
-8,027907E0	7,341234E1
-8,042523E0	7,645196E1
-8,057140E0	7,209118E1
-8,071757E0	6,796121E1
-8,086374E0	6,504825E1
-8,100991E0	6,675196E1
-8,115608E0	6,445793E1
-8,130225E0	6,027442E1
-8,144841E0	5,929309E1
-8,159458E0	5,936455E1
-8,174075E0	6,220011E1
-8,188692E0	5,559327E1
-8,203309E0	5,772418E1
-8,217926E0	5,532773E1
-8,232542E0	5,169550E1
-8,247159E0	5,268324E1
-8,261776E0	5,446032E1
-8,276393E0	5,604366E1
-8,291010E0	5,663077E1
-8,305627E0	5,361645E1
-8,320243E0	4,931448E1
-8,334860E0	4,682238E1
-8,349477E0	4,625513E1
-8,364094E0	4,746354E1
-8,378711E0	4,988531E1
-8,393328E0	4,923260E1
-8,407944E0	4,728496E1
-8,422561E0	4,703888E1
-8,437178E0	4,685770E1
-8,451795E0	4,824541E1
-8,466412E0	4,723442E1
-8,481029E0	4,529469E1
-8,495645E0	4,168011E1
-8,510262E0	3,757444E1
-8,524879E0	3,847127E1
-8,539496E0	3,430992E1
-8,554113E0	3,282578E1
-8,568730E0	3,344562E1
-8,583346E0	3,289578E1
-8,597963E0	3,175482E1
-8,612580E0	3,193342E1
-8,627197E0	3,338996E1
-8,641814E0	3,265467E1
-8,656431E0	2,901614E1
-8,671048E0	3,216891E1
-8,685664E0	3,523177E1
-8,700281E0	3,590657E1
-8,714898E0	3,295435E1
-8,729515E0	3,014627E1
-8,744132E0	3,076485E1
-8,758749E0	3,046694E1
-8,773365E0	1,923085E1
-8,787982E0	2,046194E1
-8,802599E0	2,381550E1
-8,817216E0	2,549459E1
-8,831833E0	2,401631E1
-8,846450E0	2,358186E1
-8,861066E0	2,687082E1
-8,875683E0	2,943765E1
-8,890300E0	2,892005E1
-8,904917E0	2,810473E1
-8,919534E0	2,711206E1
-8,934151E0	2,877568E1
-8,948767E0	3,225008E1
-8,963384E0	3,380388E1
-8,978001E0	3,148160E1
-8,992618E0	2,789632E1
-9,007235E0	3,078034E1
-9,021852E0	3,160351E1
-9,036468E0	3,149819E1
-9,051085E0	2,988246E1
-9,065702E0	2,980046E1
-9,080319E0	3,193764E1
-9,094936E0	3,298232E1
-9,109553E0	3,201433E1
-9,124169E0	3,406257E1
-9,138786E0	3,203936E1
-9,153403E0	3,119577E1
-9,168020E0	3,266808E1
-9,182637E0	3,330614E1
-9,197254E0	3,316882E1
-9,211871E0	3,257549E1
-9,226487E0	3,301869E1
-9,241104E0	3,718884E1
-9,255721E0	3,568305E1
-9,270338E0	3,448357E1
-9,284955E0	3,217623E1
-9,299572E0	3,201249E1
-9,314188E0	3,562571E1
-9,328805E0	3,698460E1
-9,343422E0	3,206363E1
-9,358039E0	3,097473E1
-9,372656E0	3,873904E1
-9,387273E0	4,508578E1
-9,401889E0	4,528772E1
-9,416506E0	4,495524E1
-9,431123E0	4,784616E1
-9,445740E0	4,964497E1
-9,460357E0	4,964770E1
-9,474974E0	5,085409E1
-9,489590E0	4,828873E1
-9,504207E0	5,207140E1
-9,518824E0	5,231130E1
-9,533441E0	5,520469E1
-9,548058E0	5,382729E1
-9,562675E0	5,772669E1
-9,577291E0	5,812079E1
-9,591908E0	5,625892E1
-9,606525E0	6,185183E1
-9,621142E0	6,323914E1
-9,635759E0	5,835240E1
-9,650376E0	5,698415E1
-9,664993E0	6,051622E1
-9,679609E0	6,284177E1
-9,694226E0	6,091963E1
-9,708843E0	6,024864E1
-9,723460E0	5,826173E1
-9,738077E0	5,708537E1
-9,752694E0	5,699397E1
-9,767310E0	5,697408E1
-9,781927E0	5,891803E1
-9,796544E0	6,117247E1
-9,811161E0	6,465684E1
-9,825778E0	6,375295E1
-9,840395E0	6,774104E1
-9,855011E0	6,749558E1
-9,869628E0	6,018441E1
-9,884245E0	6,030822E1
-9,898862E0	6,622772E1
-9,913479E0	6,791586E1
-9,928096E0	6,939403E1
-9,942712E0	6,672477E1
-9,957329E0	6,589553E1
-9,971946E0	6,243348E1
-9,986563E0	5,881737E1
-1,000118E1	6,205376E1
-1,001580E1	6,551350E1
-1,003041E1	6,738416E1
-1,004503E1	6,850375E1
-1,005965E1	6,995733E1
-1,007426E1	6,763744E1
-1,008888E1	6,598267E1
-1,010350E1	6,556964E1
-1,011811E1	6,690521E1
-1,013273E1	7,086894E1
-1,014735E1	7,328858E1
-1,016197E1	7,223893E1
-1,017658E1	7,352317E1
-1,019120E1	7,611603E1
-1,020582E1	7,647059E1
-1,022043E1	7,152397E1
-1,023505E1	7,364729E1
-1,024967E1	7,648103E1
-1,026428E1	7,879403E1
-1,027890E1	7,658019E1
-1,029352E1	7,341376E1
-1,030813E1	7,510899E1
-1,032275E1	7,354919E1
-1,033737E1	7,369771E1
-1,035198E1	7,450618E1
-1,036660E1	7,371955E1
-1,038122E1	7,326344E1
-1,039583E1	7,223251E1
-1,041045E1	6,917486E1
-1,042507E1	6,731779E1
-1,043968E1	6,488164E1
-1,045430E1	6,402402E1
-1,046892E1	6,540959E1
-1,048354E1	6,721946E1
-1,049815E1	6,815704E1
-1,051277E1	6,609192E1
-1,052739E1	6,572608E1
-1,054200E1	7,031581E1
-1,055662E1	7,443789E1
-1,057124E1	7,557428E1
-1,058585E1	7,285365E1
-1,060047E1	7,125925E1
-1,061509E1	7,189422E1
-1,062970E1	6,976789E1
-1,064432E1	7,228673E1
-1,065894E1	7,193273E1
-1,067355E1	7,286708E1
-1,068817E1	7,427849E1
-1,070279E1	7,189224E1
-1,071740E1	6,933276E1
-1,073202E1	7,024565E1
-1,074664E1	7,167493E1
-1,076126E1	6,956650E1
-1,077587E1	6,760238E1
-1,079049E1	6,665703E1
-1,080511E1	6,741024E1
-1,081972E1	6,973463E1
-1,083434E1	7,088757E1
-1,084896E1	6,889219E1
-1,086357E1	6,813201E1
-1,087819E1	6,580371E1
-1,089281E1	6,865346E1
-1,090742E1	6,939505E1
-1,092204E1	6,427379E1
-1,093666E1	5,896030E1
-1,095127E1	5,722894E1
-1,096589E1	5,735269E1
-1,098051E1	5,761024E1
-1,099512E1	5,892341E1
-1,100974E1	5,716760E1
-1,102436E1	5,591947E1
-1,103898E1	5,617664E1
-1,105359E1	5,600520E1
-1,106821E1	5,673267E1
-1,108283E1	5,672631E1
-1,109744E1	5,467174E1
-1,111206E1	5,160895E1
-1,112668E1	5,097645E1
-1,114129E1	5,002898E1
-1,115591E1	4,891688E1
-1,117053E1	4,962184E1
-1,118514E1	4,853204E1
-1,119976E1	4,527066E1
-1,121438E1	4,388260E1
-1,122899E1	4,400997E1
-1,124361E1	4,548824E1
-1,125823E1	4,639106E1
-1,127284E1	4,618439E1
-1,128746E1	4,625159E1
-1,130208E1	4,492974E1
-1,131670E1	4,406054E1
-1,133131E1	4,625516E1
-1,134593E1	4,862288E1
-1,136055E1	5,030132E1
-1,137516E1	4,741813E1
-1,138978E1	4,892843E1
-1,140440E1	4,863487E1
-1,141901E1	4,136928E1
-1,143363E1	3,993768E1
-1,144825E1	4,119153E1
-1,146286E1	4,056704E1
-1,147748E1	4,068661E1
-1,149210E1	4,275791E1
-1,150671E1	4,496035E1
-1,152133E1	4,336526E1
-1,153595E1	3,951756E1
-1,155056E1	3,868279E1
-1,156518E1	3,883700E1
-1,157980E1	3,973899E1
-1,159442E1	4,425275E1
-1,160903E1	4,477955E1
-1,162365E1	4,004349E1
-1,163827E1	3,500720E1
-1,165288E1	3,110268E1
-1,166750E1	3,225226E1
-1,168212E1	3,501813E1
-1,169673E1	3,424925E1
-1,171135E1	3,459703E1
-1,172597E1	3,436027E1
-1,174058E1	3,400957E1
-1,175520E1	3,393313E1
-1,176982E1	3,232580E1
-1,178443E1	3,250227E1
-1,179905E1	3,403357E1
-1,181367E1	3,379353E1
-1,182828E1	3,231491E1
-1,184290E1	3,106313E1
-1,185752E1	3,138796E1
-1,187214E1	3,190951E1
-1,188675E1	3,132702E1
-1,190137E1	3,089975E1
-1,191599E1	3,130803E1
-1,193060E1	3,045759E1
-1,194522E1	3,008050E1
-1,195984E1	3,126494E1
-1,197445E1	3,117505E1
-1,198907E1	2,994667E1
-1,200369E1	3,055371E1
-1,201830E1	3,151496E1
-1,203292E1	2,997436E1
-1,204754E1	2,974187E1
-1,206215E1	2,931643E1
-1,207677E1	2,698089E1
-1,209139E1	2,709039E1
-1,210600E1	2,889552E1
-1,212062E1	3,151839E1
-1,213524E1	3,447008E1
-1,214985E1	3,647396E1
-1,216447E1	3,721156E1
-1,217909E1	3,872140E1
-1,219371E1	3,860580E1
-1,220832E1	3,466169E1
-1,222294E1	2,992352E1
-1,223756E1	2,728047E1
-1,225217E1	2,869448E1
-1,226679E1	3,087240E1
-1,228141E1	3,117689E1
-1,229602E1	3,124037E1
-1,231064E1	3,093397E1
-1,232526E1	3,044270E1
-1,233987E1	3,070262E1
-1,235449E1	3,101273E1
-1,236911E1	3,011896E1
-1,238372E1	2,848538E1
-1,239834E1	2,772571E1
-1,241296E1	2,702519E1
-1,242757E1	2,619128E1
-1,244219E1	2,714252E1
-1,245681E1	2,866612E1
-1,247143E1	2,961192E1
-1,248604E1	3,046916E1
-1,250066E1	3,090843E1
-1,251528E1	3,156820E1
-1,252989E1	3,240357E1
-1,254451E1	3,189006E1
-1,255913E1	3,095212E1
-1,257374E1	3,042698E1
-1,258836E1	3,092807E1
-1,260298E1	3,175646E1
-1,261759E1	3,195826E1
-1,263221E1	3,188920E1
-1,264683E1	3,218165E1
-1,266144E1	3,357189E1
-1,267606E1	3,345744E1
-1,269068E1	3,088314E1
-1,270529E1	2,943473E1
-1,271991E1	3,141630E1
-1,273453E1	3,348394E1
-1,274915E1	3,211045E1
-1,276376E1	3,069540E1
-1,277838E1	3,152001E1
-1,279300E1	3,095023E1
-1,280761E1	3,084822E1
-1,282223E1	3,055424E1
-1,283685E1	2,946275E1
-1,285146E1	3,005024E1
-1,286608E1	3,179815E1
-1,288070E1	3,174772E1
-1,289531E1	3,150129E1
-1,290993E1	3,327396E1
-1,292455E1	3,615435E1
-1,293916E1	3,863080E1
-1,295378E1	3,972090E1
-1,296840E1	3,952718E1
-1,298301E1	3,948634E1
-1,299763E1	4,130505E1
-1,301225E1	4,277317E1
-1,302687E1	4,055705E1
-1,304148E1	3,790162E1
-1,305610E1	4,051528E1
-1,307072E1	4,126619E1
-1,308533E1	3,719733E1
-1,309995E1	3,545596E1
-1,311457E1	3,723631E1
-1,312918E1	4,012434E1
-1,314380E1	3,970112E1
-1,315842E1	3,793673E1
-1,317303E1	3,853309E1
-1,318765E1	3,969248E1
-1,320227E1	3,996836E1
-1,321688E1	4,049157E1
-1,323150E1	4,062394E1
-1,324612E1	3,988564E1
-1,326073E1	4,048497E1
-1,327535E1	4,206360E1
-1,328997E1	4,194476E1
-1,330459E1	4,159036E1
-1,331920E1	3,914495E1
-1,333382E1	3,296232E1
-1,334844E1	3,088576E1
-1,336305E1	3,358563E1
-1,337767E1	3,619412E1
-1,339229E1	3,807657E1
-1,340690E1	3,721747E1
-1,342152E1	3,557616E1
-1,343614E1	3,864734E1
-1,345075E1	4,324372E1
-1,346537E1	4,430710E1
-1,347999E1	4,677622E1
-1,349460E1	4,625965E1
-1,350922E1	4,498287E1
-1,352384E1	4,598847E1
-1,353845E1	4,806721E1
-1,355307E1	4,911953E1
-1,356769E1	4,976341E1
-1,358231E1	5,001833E1
-1,359692E1	4,922270E1
-1,361154E1	4,435165E1
-1,362616E1	4,333138E1
-1,364077E1	4,376760E1
-1,365539E1	4,136565E1
-1,367001E1	4,071879E1
-1,368462E1	4,152111E1
-1,369924E1	4,125734E1
-1,371386E1	4,131898E1
-1,372847E1	4,080755E1
-1,374309E1	4,225700E1
-1,375771E1	4,432742E1
-1,377232E1	4,565873E1
-1,378694E1	4,795031E1
-1,380156E1	4,832063E1
-1,381617E1	4,377783E1
-1,383079E1	4,669606E1
-1,384541E1	4,731050E1
-1,386003E1	4,705555E1
-1,387464E1	4,808897E1
-1,388926E1	4,780987E1
-1,390388E1	4,610814E1
-1,391849E1	4,523884E1
-1,393311E1	4,614580E1
-1,394773E1	4,293134E1
-1,396234E1	3,959452E1
-1,397696E1	3,648597E1
-1,399158E1	3,426765E1
-1,400619E1	3,325149E1
-1,402081E1	3,326560E1
-1,403543E1	3,386853E1
-1,405004E1	3,354167E1
-1,406466E1	3,648008E1
-1,407928E1	3,788228E1
-1,409389E1	3,787654E1
-1,410851E1	3,674879E1
-1,412313E1	3,536445E1
-1,413774E1	3,570126E1
-1,415236E1	3,776014E1
-1,416698E1	3,884283E1
-1,418160E1	3,992076E1
-1,419621E1	4,041756E1
-1,421083E1	3,935630E1
-1,422545E1	3,860769E1
-1,424006E1	3,820161E1
-1,425468E1	3,639000E1
-1,426930E1	3,519656E1
-1,428391E1	3,653702E1
-1,429853E1	3,714000E1
-1,431315E1	3,476823E1
-1,432776E1	3,387541E1
-1,434238E1	3,999226E1
-1,435700E1	4,606688E1
-1,437161E1	4,637450E1
-1,438623E1	4,356841E1
-1,440085E1	4,281431E1
-1,441546E1	4,155022E1
-1,443008E1	3,986618E1
-1,444470E1	3,679693E1
-1,445932E1	3,576630E1
-1,447393E1	3,590310E1
-1,448855E1	3,695438E1
-1,450317E1	3,738626E1
-1,451778E1	3,692609E1
-1,453240E1	3,694692E1
-1,454702E1	3,717017E1
-1,456163E1	3,809934E1
-1,457625E1	3,762993E1
-1,459087E1	3,795112E1
-1,460548E1	3,855146E1
-1,462010E1	3,886352E1
-1,463472E1	3,917208E1
-1,464933E1	3,331961E1
-1,466395E1	2,976777E1
-1,467857E1	3,293809E1
-1,469318E1	4,052960E1
-1,470780E1	4,176702E1
-1,472242E1	3,919037E1
-1,473704E1	3,834469E1
-1,475165E1	3,893321E1
-1,476627E1	3,601955E1
-1,478089E1	2,881825E1
-1,479550E1	3,425016E1
-1,481012E1	3,584780E1
-1,482474E1	2,978168E1
-1,483935E1	2,797345E1
-1,485397E1	2,267035E1
-1,486859E1	2,404441E1
-1,488320E1	2,574675E1
-1,489782E1	2,536289E1
-1,491244E1	2,371331E1
-1,492705E1	2,365895E1
-1,494167E1	2,513252E1
-1,495629E1	2,466461E1
-1,497090E1	2,245430E1
-1,498552E1	1,932899E1
-1,500014E1	2,245905E1
-1,501476E1	2,644605E1
-1,502937E1	2,814267E1
-1,504399E1	2,707760E1
-1,505861E1	2,511703E1
-1,507322E1	2,246481E1
-1,508784E1	2,143606E1
-1,510246E1	2,316657E1
-1,511707E1	2,066312E1
-1,513169E1	2,381716E1
-1,514631E1	2,367029E1
-1,516092E1	2,234169E1
-1,517554E1	2,290617E1
-1,519016E1	2,058664E1
-1,520477E1	2,006621E1
-1,521939E1	1,954566E1
-1,523401E1	2,117761E1
-1,524862E1	2,098106E1
-1,526324E1	1,992082E1
-1,527786E1	1,821381E1
-1,529248E1	1,973432E1
-1,530709E1	2,194024E1
-1,532171E1	2,232263E1
-1,533633E1	2,121009E1
-1,535094E1	2,129162E1
-1,536556E1	2,181614E1
-1,538018E1	2,234883E1
-1,539479E1	2,267414E1
-1,540941E1	2,253621E1
-1,542403E1	2,323232E1
-1,543864E1	2,317654E1
-1,545326E1	2,233761E1
-1,546788E1	1,946507E1
-1,548249E1	2,024218E1
-1,549711E1	2,355217E1
-1,551173E1	2,541125E1
-1,552634E1	2,457527E1
-1,554096E1	2,520030E1
-1,555558E1	2,436433E1
-1,557020E1	2,314922E1
-1,558481E1	2,239611E1
-1,559943E1	2,489022E1
-1,561405E1	2,763262E1
-1,562866E1	2,474018E1
-1,564328E1	2,670493E1
-1,565790E1	2,311927E1
-1,567251E1	1,933427E1
-1,568713E1	2,175135E1
-1,570175E1	1,640951E1
-1,571636E1	1,463839E1
-1,573098E1	1,882416E1
-1,574560E1	2,180375E1
-1,576021E1	2,042697E1
-1,577483E1	1,878218E1
-1,578945E1	1,933864E1
-1,580406E1	1,972814E1
-1,581868E1	2,023238E1
-1,583330E1	2,087528E1
-1,584792E1	1,995348E1
-1,586253E1	1,895462E1
-1,587715E1	1,873976E1
-1,589177E1	1,988000E1
-1,590638E1	2,002827E1
-1,592100E1	1,965499E1
-1,593562E1	2,059516E1
-1,595023E1	2,161470E1
-1,596485E1	2,226536E1
-1,597947E1	2,225044E1
-1,599408E1	2,445495E1
-1,600870E1	2,349030E1
-1,602332E1	1,896680E1
-1,603793E1	1,671019E1
-1,605255E1	1,759591E1
-1,606717E1	1,693990E1
-1,608178E1	1,588495E1
-1,609640E1	1,669957E1
-1,611102E1	1,597604E1
-1,612563E1	1,575097E1
-1,614025E1	1,813465E1
-1,615487E1	1,834608E1
-1,616949E1	1,934974E1
-1,618410E1	1,952212E1
-1,619872E1	1,977485E1
-1,621334E1	2,062039E1
-1,622795E1	2,047151E1
-1,624257E1	2,065750E1
-1,625719E1	2,225410E1
-1,627180E1	2,332406E1
-1,628642E1	2,201193E1
-1,630104E1	2,086842E1
-1,631565E1	2,065285E1
-1,633027E1	1,902933E1
-1,634489E1	1,656387E1
-1,635950E1	1,484169E1
-1,637412E1	1,476628E1
-1,638874E1	1,737004E1
-1,640335E1	1,702134E1
-1,641797E1	1,784868E1
-1,643259E1	1,688961E1
-1,644721E1	1,447869E1
-1,646182E1	1,579694E1
-1,647644E1	1,900710E1
-1,649106E1	2,031621E1
-1,650567E1	1,877898E1
-1,652029E1	2,049188E1
-1,653491E1	2,257497E1
-1,654952E1	2,140845E1
-1,656414E1	1,943714E1
-1,657876E1	1,774823E1
-1,659337E1	1,697625E1
-1,660799E1	1,545989E1
-1,662261E1	1,382474E1
-1,663722E1	1,298382E1
-1,665184E1	1,271761E1
-1,666646E1	1,372126E1
-1,668107E1	1,450693E1
-1,669569E1	1,457474E1
-1,671031E1	1,552328E1
-1,672493E1	1,759019E1
-1,673954E1	1,599339E1
-1,675416E1	1,678772E1
-1,676878E1	1,704841E1
-1,678339E1	1,588778E1
-1,679801E1	1,532124E1
-1,681263E1	1,582829E1
-1,682724E1	1,721649E1
-1,684186E1	1,871053E1
-1,685648E1	1,635662E1
-1,687109E1	1,659831E1
-1,688571E1	1,692348E1
-1,690033E1	1,666246E1
-1,691494E1	1,673376E1
-1,692956E1	1,609080E1
-1,694418E1	1,444040E1
-1,695879E1	1,579724E1
-1,697341E1	1,707800E1
-1,698803E1	1,514625E1
-1,700265E1	1,373785E1
-1,701726E1	1,485725E1
-1,703188E1	1,538444E1
-1,704650E1	1,345555E1
-1,706111E1	1,402971E1
-1,707573E1	1,809166E1
-1,709035E1	1,814988E1
-1,710496E1	1,707347E1
-1,711958E1	1,542359E1
-1,713420E1	1,487781E1
-1,714881E1	1,696094E1
-1,716343E1	1,726327E1
-1,717805E1	1,648222E1
-1,719266E1	1,649084E1
-1,720728E1	1,717098E1
-1,722190E1	1,746260E1
-1,723651E1	1,802684E1
-1,725113E1	1,871060E1
-1,726575E1	2,010456E1
-1,728037E1	1,996613E1
-1,729498E1	1,869238E1
-1,730960E1	2,082054E1
-1,732422E1	2,186057E1
-1,733883E1	2,017336E1
-1,735345E1	1,692812E1
-1,736807E1	1,520538E1
-1,738268E1	1,499940E1
-1,739730E1	1,551339E1
-1,741192E1	1,646612E1
-1,742653E1	1,705807E1
-1,744115E1	1,566518E1
-1,745577E1	1,484300E1
-1,747038E1	1,550226E1
-1,748500E1	1,624534E1
-1,749962E1	1,566726E1
-1,751423E1	1,404775E1
-1,752885E1	1,335724E1
-1,754347E1	1,420783E1
-1,755809E1	1,539120E1
-1,757270E1	1,334924E1
-1,758732E1	1,085028E1
-1,760194E1	1,082861E1
-1,761655E1	1,261775E1
-1,763117E1	1,379451E1
-1,764579E1	1,523513E1
-1,766040E1	1,803044E1
-1,767502E1	1,943654E1
-1,768964E1	2,020737E1
-1,770425E1	1,969724E1
-1,771887E1	1,892404E1
-1,773349E1	1,961894E1
-1,774810E1	2,007530E1
-1,776272E1	2,001828E1
-1,777734E1	2,123144E1
-1,779195E1	2,119573E1
-1,780657E1	2,076332E1
-1,782119E1	2,098888E1
-1,783581E1	1,999136E1
-1,785042E1	1,876265E1
-1,786504E1	1,938034E1
-1,787966E1	2,057638E1
-1,789427E1	2,059335E1
-1,790889E1	1,898200E1
-1,792351E1	1,963798E1
-1,793812E1	2,168571E1
-1,795274E1	2,097462E1
-1,796736E1	1,883380E1
-1,798197E1	1,863336E1
-1,799659E1	1,961669E1
-1,801121E1	2,071177E1
-1,802582E1	2,226825E1
-1,804044E1	2,243360E1
-1,805506E1	2,215858E1
-1,806967E1	2,326429E1
-1,808429E1	2,453113E1
-1,809891E1	2,441818E1
-1,811352E1	2,282483E1
-1,812814E1	2,122504E1
-1,814276E1	2,119205E1
-1,815738E1	2,110556E1
-1,817199E1	2,001317E1
-1,818661E1	1,882728E1
-1,820123E1	1,766876E1
-1,821584E1	1,771458E1
-1,823046E1	1,862472E1
-1,824508E1	1,945636E1
-1,825969E1	2,135237E1
-1,827431E1	2,246556E1
-1,828893E1	2,273241E1
-1,830354E1	2,385041E1
-1,831816E1	2,450915E1
-1,833278E1	2,309953E1
-1,834739E1	2,004162E1
-1,836201E1	1,687736E1
-1,837663E1	1,728203E1
-1,839124E1	1,859729E1
-1,840586E1	1,802716E1
-1,842048E1	1,752109E1
-1,843510E1	1,694738E1
-1,844971E1	1,689096E1
-1,846433E1	1,732539E1
-1,847895E1	1,842868E1
-1,849356E1	1,758010E1
-1,850818E1	1,695549E1
-1,852280E1	1,809097E1
-1,853741E1	1,868200E1
-1,855203E1	1,875537E1
-1,856665E1	1,849369E1
-1,858126E1	1,870875E1
-1,859588E1	1,903531E1
-1,861050E1	1,936215E1
-1,862511E1	1,892433E1
-1,863973E1	1,735724E1
-1,865435E1	1,717628E1
-1,866896E1	1,774537E1
-1,868358E1	1,818111E1
-1,869820E1	1,917413E1
-1,871282E1	2,044028E1
-1,872743E1	2,020439E1
-1,874205E1	1,966752E1
-1,875667E1	1,975203E1
-1,877128E1	1,858488E1
-1,878590E1	1,730690E1
-1,880052E1	1,813058E1
-1,881513E1	2,094559E1
-1,882975E1	2,223482E1
-1,884437E1	2,041534E1
-1,885898E1	1,911439E1
-1,887360E1	1,917372E1
-1,888822E1	1,803913E1
-1,890283E1	1,766119E1
-1,891745E1	1,884638E1
-1,893207E1	1,892505E1
-1,894668E1	1,652752E1
-1,896130E1	1,514135E1
-1,897592E1	1,689970E1
-1,899054E1	1,847819E1
-1,900515E1	1,795697E1
-1,901977E1	1,713100E1
-1,903439E1	1,632151E1
-1,904900E1	1,435788E1
-1,906362E1	1,405560E1
-1,907824E1	1,457880E1
-1,909285E1	1,501920E1
-1,910747E1	1,822932E1
-1,912209E1	1,845492E1
-1,913670E1	1,754771E1
-1,915132E1	1,828969E1
-1,916594E1	1,880266E1
-1,918055E1	1,924330E1
-1,919517E1	1,914713E1
-1,920979E1	1,829345E1
-1,922440E1	2,004368E1
-1,923902E1	2,111979E1
-1,925364E1	1,983693E1
-1,926826E1	1,905014E1
-1,928287E1	1,662725E1
-1,929749E1	1,541033E1
-1,931211E1	1,720519E1
-1,932672E1	1,796095E1
-1,934134E1	1,789322E1
-1,935596E1	1,699943E1
-1,937057E1	1,632851E1
-1,938519E1	1,645947E1
-1,939981E1	1,651880E1
-1,941442E1	1,503079E1
-1,942904E1	1,417388E1
-1,944366E1	1,655251E1
-1,945827E1	1,745953E1
-1,947289E1	1,621933E1
-1,948751E1	1,496888E1
-1,950212E1	1,557719E1
-1,951674E1	1,701951E1
-1,953136E1	1,646471E1
-1,954598E1	1,495358E1
-1,956059E1	1,612409E1
-1,957521E1	1,650566E1
-1,958983E1	1,688687E1
-1,960444E1	1,762366E1
-1,961906E1	1,864966E1
-1,963368E1	1,884169E1
-1,964829E1	1,782367E1
-1,966291E1	1,747393E1
-1,967753E1	1,853021E1
-1,969214E1	1,752810E1
-1,970676E1	1,655822E1
-1,972138E1	1,573576E1
-1,973599E1	1,526369E1
-1,975061E1	1,515053E1
-1,976523E1	1,604673E1
-1,977984E1	1,664619E1
-1,979446E1	1,605068E1
-1,980908E1	1,680121E1
-1,982369E1	1,673072E1
-1,983831E1	1,525089E1
-1,985293E1	1,498192E1
-1,986755E1	1,685741E1
-1,988216E1	1,722575E1
-1,989678E1	1,592252E1
-1,991140E1	1,671623E1
-1,992601E1	1,816723E1
-1,994063E1	1,770917E1
-1,995525E1	1,606344E1
-1,996986E1	1,448205E1
-1,998448E1	1,451336E1
-1,999910E1	1,507977E1
-2,001371E1	1,550542E1
-2,002833E1	1,439573E1
-2,004295E1	1,425823E1
-2,005756E1	1,472453E1
-2,007218E1	1,610034E1
-2,008680E1	1,691247E1
-2,010141E1	1,683873E1
-2,011603E1	1,739193E1
-2,013065E1	1,938540E1
-2,014527E1	1,799580E1
-2,015988E1	1,606335E1
-2,017450E1	1,598793E1
-2,018912E1	1,618254E1
-2,020373E1	1,493083E1
-2,021835E1	1,482438E1
-2,023297E1	1,650947E1
-2,024758E1	1,705022E1
-2,026220E1	1,449334E1
-2,027682E1	1,627588E1
-2,029143E1	1,426690E1
-2,030605E1	1,221010E1
-2,032067E1	1,343444E1
-2,033528E1	1,482792E1
-2,034990E1	1,395820E1
-2,036452E1	1,383400E1
-2,037913E1	1,506017E1
-2,039375E1	1,588896E1
-2,040837E1	1,801255E1
-2,042299E1	1,901015E1
-2,043760E1	1,984300E1
-2,045222E1	1,947746E1
-2,046684E1	1,714404E1
-2,048145E1	1,578494E1
-2,049607E1	1,696856E1
-2,051069E1	1,520952E1
-2,052530E1	1,528394E1
-2,053992E1	1,590765E1
-2,055454E1	1,519816E1
-2,056915E1	1,302547E1
-2,058377E1	1,319618E1
-2,059839E1	1,381921E1
-2,061300E1	1,408617E1
-2,062762E1	1,601784E1
-2,064224E1	1,726136E1
-2,065685E1	1,700435E1
-2,067147E1	1,571182E1
-2,068609E1	1,492263E1
-2,070071E1	1,352359E1
-2,071532E1	1,113998E1
-2,072994E1	1,234650E1
-2,074456E1	1,491310E1
-2,075917E1	1,573106E1
-2,077379E1	1,465599E1
-2,078841E1	1,331103E1
-2,080302E1	1,363182E1
-2,081764E1	1,535435E1
-2,083226E1	1,650092E1
-2,084687E1	1,708337E1
-2,086149E1	1,488816E1
-2,087611E1	1,528572E1
-2,089072E1	1,609460E1
-2,090534E1	1,586794E1
-2,091996E1	1,626549E1
-2,093457E1	1,445205E1
-2,094919E1	9,907881E0
-2,096381E1	7,753390E0
-2,097843E1	4,903035E0
-2,099304E1	4,779427E0
-2,100766E1	1,857753E0
-2,102228E1	6,872290E-2
-2,103689E1	1,020813E0
-2,105151E1	1,607456E0
-2,106613E1	3,494299E0
-2,108074E1	2,381720E0
-2,109536E1	2,255667E0
-2,110998E1	1,243054E0
-2,112459E1	1,225639E0
-2,113921E1	2,153905E0
-2,115383E1	3,081908E0
-2,116844E1	3,935315E0
-2,118306E1	3,659056E0
-2,119768E1	3,002524E0
-2,121229E1	3,202365E0
-2,122691E1	2,274099E0
-2,124153E1	1,345805E0
-2,125615E1	4,539849E-1
-2,127076E1	1,055403E0
-2,128538E1	1,586546E0
-2,130000E1	1,661016E0
-2,131461E1	1,286515E0
-2,132923E1	1,998595E0
-2,134385E1	1,995160E0
-2,135846E1	1,918061E0
-2,137308E1	9,944894E-1
-2,138770E1	9,305217E-1
-2,140231E1	1,009766E0
-2,141693E1	1,994199E0
-2,143155E1	2,000000E0
-2,144616E1	2,000000E0
-2,146078E1	2,000000E0
-2,147540E1	2,000000E0
-2,149001E1	2,000000E0
-2,150463E1	2,000000E0
-2,151925E1	2,000000E0
-2,153387E1	2,000000E0
-2,154848E1	2,000000E0
-2,156310E1	2,000000E0
-2,157772E1	2,000000E0
-2,159233E1	2,000000E0
-2,160695E1	2,000000E0
-2,162157E1	1,831770E0
-2,163618E1	1,754256E0
-2,165080E1	1,684922E0
-2,166542E1	4,133796E-1
-2,168003E1	4,537443E-1
-2,169465E1	1,483770E0
-2,170927E1	2,550703E0
-2,172388E1	2,661744E0
-2,173850E1	1,777587E0
-2,175312E1	8,493211E-1
-2,176773E1	8,697443E-1
-2,178235E1	9,390776E-1
-2,179697E1	1,006961E0
-2,181158E1	1,004015E0
-2,182620E1	1,000000E0
-2,184082E1	8,026994E-1
-2,185544E1	1,650942E0
-2,187005E1	1,038711E0
-2,188467E1	1,386258E0
-2,189929E1	1,150168E-1
-2,191390E1	9,246825E-1
-2,192852E1	1,347067E0
-2,194314E1	1,300656E0
-2,195775E1	1,015029E0
-2,197237E1	1,000000E0
-2,198699E1	1,000000E0
-2,200160E1	1,910855E0
-2,201622E1	1,093803E0
-2,203084E1	1,000000E0
-2,204545E1	1,000000E0
-2,206007E1	1,000000E0
-2,207469E1	1,000000E0
-2,208930E1	1,000000E0
-2,210392E1	1,000000E0
-2,211854E1	1,000000E0
-2,213316E1	1,000000E0
-2,214777E1	1,000000E0
-2,216239E1	1,161290E-1
-2,217701E1	8,814703E-1
-2,219162E1	1,879070E0
-2,220624E1	2,000000E0
-2,222086E1	1,125732E0
-2,223547E1	2,009608E-1
-2,225009E1	8,889963E-1
-2,226471E1	1,000000E0
-2,227932E1	1,000000E0
-2,229394E1	1,556699E0
-2,230856E1	1,572124E0
-2,232317E1	1,067263E0
-2,233779E1	1,000000E0
-2,235241E1	1,000000E0
-2,236702E1	1,000000E0
-2,238164E1	1,000000E0
-2,239626E1	1,000000E0
-2,241088E1	1,000000E0
-2,242549E1	1,000000E0
-2,244011E1	1,000000E0
-2,245473E1	1,000000E0
-2,246934E1	1,000000E0
-2,248396E1	1,000000E0
-2,249858E1	1,000000E0
-2,251319E1	1,000000E0
-2,252781E1	1,000000E0
-2,254243E1	1,000000E0
-2,255704E1	1,000000E0
-2,257166E1	1,000000E0
-2,258628E1	1,000000E0
-2,260089E1	1,000000E0
-2,261551E1	1,000000E0
-2,263013E1	1,000000E0
-2,264474E1	1,000000E0
-2,265936E1	1,000000E0
-2,267398E1	1,000000E0
-2,268860E1	1,000000E0
-2,270321E1	1,000000E0
-2,271783E1	1,000000E0
-2,273245E1	1,000000E0
-2,274706E1	1,000000E0
-2,276168E1	1,000000E0
-2,277630E1	1,000000E0
-2,279091E1	1,000000E0
-2,280553E1	1,000000E0
-2,282015E1	1,000000E0
-2,283476E1	3,458798E-1
-2,284938E1	7,864719E-1
-2,286400E1	1,047440E0
-2,287861E1	1,124674E0
-2,289323E1	1,044602E0
-2,290785E1	1,000000E0
-2,292246E1	4,923336E-1
-2,293708E1	7,043589E-1
-2,295170E1	1,343581E0
-2,296632E1	1,136357E0
-2,298093E1	1,000000E0
-2,299555E1	4,937184E-1
-2,301017E1	8,085904E-1
-2,302478E1	1,000000E0
-2,303940E1	1,000000E0
-2,305402E1	9,727813E-1
-2,306863E1	9,994592E-1
-2,308325E1	1,000000E0
-2,309787E1	1,000000E0
-2,311248E1	1,000000E0
-2,312710E1	1,000000E0
-2,314172E1	1,000000E0
-2,315633E1	1,000000E0
-2,317095E1	1,000000E0
-2,318557E1	1,412465E0
-2,320018E1	1,647606E0
-2,321480E1	1,005917E0
-2,322942E1	7,862729E-1
-2,324404E1	9,550354E-1
-2,325865E1	1,752267E0
-2,327327E1	2,003184E0
-2,328789E1	1,938794E0
-2,330250E1	2,058779E0
-2,331712E1	2,199872E0
-2,333174E1	2,082184E0
-2,334635E1	2,000000E0
-2,336097E1	2,000000E0
-2,337559E1	2,359051E0
-2,339020E1	1,771247E0
-2,340482E1	4,424267E-1
-2,341944E1	1,141521E0
-2,343405E1	1,754539E0
-2,344867E1	1,267403E0
-2,346329E1	1,000000E0
-2,347790E1	1,018979E0
-2,349252E1	1,029723E0
-2,350714E1	4,357959E-1
-2,352176E1	1,681382E-1
-2,353637E1	7,376606E-1
-2,355099E1	1,000000E0
-2,356561E1	1,000000E0
-2,358022E1	1,000000E0
-2,359484E1	1,000000E0
-2,360946E1	1,000000E0
-2,362407E1	1,000000E0
-2,363869E1	1,000000E0
-2,365331E1	1,639002E0
-2,366792E1	2,000000E0
-2,368254E1	2,595822E0
-2,369716E1	2,991402E0
-2,371177E1	2,322229E0
-2,372639E1	1,863596E0
-2,374101E1	1,794262E0
-2,375562E1	2,174616E0
-2,377024E1	2,525082E0
-2,378486E1	2,330993E0
-2,379947E1	1,715512E0
-2,381409E1	1,447596E0
-2,382871E1	1,757671E0
-2,384333E1	2,607794E0
-2,385794E1	2,394607E0
-2,387256E1	1,397008E0
-2,388718E1	4,550723E-1
-2,390179E1	6,179064E-1
-2,391641E1	1,006938E0
-2,393103E1	1,000000E0
-2,394564E1	1,969264E0
-2,396026E1	2,215410E0
-2,397488E1	1,011940E0
-2,398949E1	1,587095E-1
-2,400411E1	1,481885E0
-2,401873E1	1,900344E0
-2,403334E1	1,513874E0
-2,404796E1	1,854311E0
-2,406258E1	2,000000E0
-2,407719E1	9,734490E-1
-2,409181E1	1,326631E-1
-2,410643E1	9,278477E-2
-2,412105E1	3,297306E-2
-2,413566E1	1,218313E0
-2,415028E1	2,058572E0
-2,416490E1	1,445021E0
-2,417951E1	1,156855E0
-2,419413E1	2,257191E0
-2,420875E1	2,769989E0
-2,422336E1	1,686901E0
-2,423798E1	1,542975E0
-2,425260E1	2,000000E0
-2,426721E1	2,000000E0
-2,428183E1	2,000000E0
-2,429645E1	1,382736E0
-2,431106E1	4,188764E-1
-2,432568E1	0,000000E0
-2,434030E1	5,261706E-1
-2,435491E1	1,000000E0
-2,436953E1	9,026692E-1
-2,438415E1	7,507978E-1
-2,439877E1	8,471507E-1
-2,441338E1	1,000000E0
-2,442800E1	1,000000E0
-2,444262E1	1,000000E0
-2,445723E1	1,506965E0
-2,447185E1	1,495435E0
-2,448647E1	1,000000E0
-2,450108E1	1,000000E0
-2,451570E1	1,000000E0
-2,453032E1	1,000000E0
-2,454493E1	1,000000E0
-2,455955E1	1,000000E0
-2,457417E1	1,000000E0
-2,458878E1	1,000000E0
-2,460340E1	1,000000E0
-2,461802E1	1,000000E0
-2,463263E1	1,000000E0
-2,464725E1	1,000000E0
-2,466187E1	1,000000E0
-2,467649E1	1,000000E0
-2,469110E1	1,000000E0
-2,470572E1	1,000000E0
-2,472034E1	1,000000E0
-2,473495E1	1,035305E0
-2,474957E1	1,018738E0
-2,476419E1	5,718562E-1
-2,477880E1	5,127677E-1
-2,479342E1	1,364590E0
-2,480804E1	1,861469E0
-2,482265E1	2,000000E0
-2,483727E1	1,824711E0
-2,485189E1	1,332267E0
-2,486650E1	9,351983E-1
-2,488112E1	1,059950E0
-2,489574E1	1,328932E0
-2,491035E1	1,581770E0
-2,492497E1	2,000000E0
-2,493959E1	2,000000E0
-2,495421E1	2,000000E0
-2,496882E1	2,000000E0
-2,498344E1	2,000000E0
-2,499806E1	2,000000E0
-2,501267E1	2,000000E0
-2,502729E1	2,000000E0
-2,504191E1	2,000000E0
-2,505652E1	1,358985E0
-2,507114E1	1,109905E0
-2,508576E1	2,403736E0
-2,510037E1	2,855651E0
-2,511499E1	2,708667E0
-2,512961E1	2,467062E0
-2,514422E1	1,943780E0
-2,515884E1	1,524934E0
-2,517346E1	9,853261E-1
-2,518807E1	1,413170E0
-2,520269E1	2,000000E0
-2,521731E1	1,693714E0
-2,523193E1	1,260933E0
-2,524654E1	1,077931E0
-2,526116E1	1,024558E0
-2,527578E1	1,468933E0
-2,529039E1	1,709674E0
-2,530501E1	2,000000E0
-2,531963E1	1,752131E0
-2,533424E1	1,526178E0
-2,534886E1	2,000000E0
-2,536348E1	2,000000E0
-2,537809E1	1,644277E0
-2,539271E1	1,022507E0
-2,540733E1	7,396108E-1
-2,542194E1	5,670560E-1
-2,543656E1	1,723674E0
-2,545118E1	2,195514E0
-2,546579E1	1,533489E0
-2,548041E1	5,628012E-1
-2,549503E1	6,630092E-1
-2,550965E1	1,191716E0
-2,552426E1	1,431309E0
-2,553888E1	1,000000E0
-2,555350E1	1,000000E0
-2,556811E1	1,044101E0
-2,558273E1	7,553545E-1
-2,559735E1	2,161008E-2
-2,561196E1	1,175963E-1
-2,562658E1	5,275644E-1
-2,564120E1	1,695719E0
-2,565581E1	2,733202E0
-2,567043E1	2,356159E0
-2,568505E1	1,534635E0
-2,569966E1	1,617276E0
-2,571428E1	2,226518E0
-2,572890E1	2,431439E0
-2,574351E1	1,892108E0
-2,575813E1	1,717310E0
-2,577275E1	2,419882E0
-2,578736E1	3,000000E0
-2,580198E1	2,994790E0
-2,581660E1	2,674432E0
-2,583122E1	1,903603E0
-2,584583E1	1,786232E0
-2,586045E1	1,318782E0
-2,587507E1	5,870693E-1
-2,588968E1	3,737308E-1
-2,590430E1	7,123626E-1
-2,591892E1	1,512397E0
-2,593353E1	1,581731E0
-2,594815E1	1,219320E0
-2,596277E1	1,870212E-1
-2,597738E1	1,099927E0
-2,599200E1	1,745106E0
-2,600662E1	1,013354E0
-2,602123E1	1,004977E0
-2,603585E1	7,273109E-1
-2,605047E1	3,444828E-1
-2,606508E1	1,000000E0
-2,607970E1	1,000000E0
-2,609432E1	1,000000E0
-2,610894E1	1,094695E0
-2,612355E1	1,480663E0
-2,613817E1	1,549997E0
-2,615279E1	1,708205E0
-2,616740E1	2,000000E0
-2,618202E1	2,000000E0
-2,619664E1	2,000000E0
-2,621125E1	2,019383E0
-2,622587E1	2,031993E0
-2,624049E1	2,021834E0
-2,625510E1	1,764629E0
-2,626972E1	8,284039E-1
-2,628434E1	7,590705E-1
-2,629895E1	8,942175E-1
